6.528202478435218836e-04
7.589882439180684059e-04
4.441574339200116128e-04
5.056485533447840908e-04
4.918937886859708897e-04
8.011073873159801906e-04
7.624151446847804436e-04
7.887438919649270019e-04
1.380960032033584639e-03
3.941328658640941285e-04
1.099480901226357332e-03
6.268715028969751302e-04
1.362000174125910235e-03
6.044967909453191623e-04
7.643665241658936793e-04
1.591300054821331855e-03
5.180985401906923471e-04
8.715963983725316666e-04
4.856643607471511359e-04
6.104181226493921031e-04
5.152248788604651963e-04
1.380310542778317995e-03
4.820856355678415639e-04
1.027806018072396910e-03
9.286630387830285827e-04
1.117725911461420196e-03
4.493816497053160219e-04
1.037582836918460316e-03
8.261392499182562688e-04
2.462836717050720381e-03
7.139592410858597304e-04
1.788648398603598366e-03
5.298087195022560536e-04
6.166769445030695351e-04
4.412780364990709359e-04
3.311256804110485064e-04
4.398535885457022232e-04
7.920963577401352040e-04
5.526490110803194966e-04
7.409906595441384525e-04
6.063852457547369568e-04
6.715711913827249191e-04
9.486247372301193082e-04
6.211077872144699086e-04
1.078916629909443259e-03
8.603799103301668083e-04
5.558620083796483868e-04
7.414482638683494997e-04
7.437240270746769966e-04
1.527857586753000874e-03
5.180761479959272719e-04
4.219928608115708357e-04
1.512783405695827810e-03
5.436441554707016621e-04
5.337940624698944703e-04
9.936939121093502081e-04
5.263876255181543229e-04
5.365122283915724211e-04
1.188146635982434418e-03
5.448428518093351158e-04
1.590312115027359141e-03
4.038048735921506704e-04
6.073166384155115338e-04
6.254143610604501191e-04
2.429769873284470805e-04
7.923365474269417064e-04
4.063581401343441257e-04
4.441777676031932742e-04
4.432686816784325856e-04
5.589244586587938102e-04
6.376572332147389943e-04
3.105332287010043046e-04
3.178730908501847807e-04
8.602246458977447219e-04
5.546623915435588970e-04
6.096315985519851210e-04
5.674779486355419067e-04
7.485564505831376891e-04
1.392570864142683718e-03
8.565193148921679267e-04
4.600597182182752931e-04
1.672256061468146981e-03
4.743375990461373704e-04
7.894419820537734722e-04
7.472689973582191669e-04
1.086133102758068958e-03
6.637899933554791687e-04
8.736762449945700837e-04
6.450955924393042551e-04
1.764242188064812922e-03
5.331175253129316616e-04
7.533792558280794083e-04
5.796267796078780066e-04
4.002138540784017096e-04
5.640207536359298501e-04
4.909449645182917266e-04
7.519394632780063148e-04
6.037191644470141227e-04
4.208629006399178252e-04
4.012323195201616954e-04
5.355907775967949647e-04
7.389545599423286149e-04
4.490750864505343998e-04
3.614228733166413576e-04
2.043734650269968256e-03
7.496850286230483107e-04
4.699693765957135838e-04
6.949808559415515674e-04
5.875960464951646145e-04
9.577765326245213373e-04
4.164199638942989168e-04
4.578413426408189935e-04
6.352120352914880641e-04
7.969013495934262892e-04
8.434533427266188710e-04
7.133936538128438087e-04
1.204269857005613176e-03
6.955418471044083617e-04
7.801934366984397684e-04
9.086719964841449837e-04
3.419473332471056892e-04
6.486150925137934564e-04
5.447286449680177611e-04
4.605180267489572543e-04
1.192454019298239132e-03
5.669053894710174291e-04
6.258673808812176276e-04
1.255355228771293241e-03
1.289595902356666102e-03
6.037936099421159497e-04
1.350827133371979016e-03
5.371179017288341129e-04
3.757356521489896295e-04
7.182588950964685637e-04
3.538814209882445994e-04
1.059582478719178766e-03
2.674794894623744312e-04
4.911028731910960232e-04
5.899797804858053496e-04
5.482972639772043522e-04
7.816310023613937119e-04
3.306112195549104626e-04
8.241706450107244564e-04
5.511930304429313310e-04
8.281637063589641912e-04
5.667195741061448189e-04
5.811261106156706546e-04
6.269542114569759406e-04
4.662605044938317178e-04
5.564189425957266621e-04
5.129746825556225076e-04
5.132697786933704265e-04
9.386079181652462466e-04
5.194673358897006210e-04
5.345873105344622900e-04
6.019450018648342393e-04
3.739376022338092298e-04
9.205803576630700036e-04
7.833060125985724653e-04
9.874951194905889906e-04
3.889511598114125945e-04
4.830527441388454690e-04
1.059126104971497284e-03
4.482818193576321164e-04
6.823624766170155453e-04
5.451797951963044397e-04
8.547668928482465844e-04
7.312408548472149050e-04
8.233088916078656894e-04
5.518298548174982443e-04
7.338973382573499293e-04
4.452105506214110164e-04
1.427463138844231594e-03
1.374570883658776665e-03
5.396648421616134783e-04
2.272766526555614064e-03
7.453037121720740288e-04
9.581674442724619212e-04
4.237361962253771708e-04
6.149739419818445185e-04
8.647338360017187142e-04
3.892467275470323784e-04
5.625006030776091848e-04
6.254418548454765414e-04
1.094930478483746583e-03
4.477562047640049059e-04
5.301717367682812210e-04
4.254686598592627433e-04
3.859194937003707082e-04
6.541934985584418882e-04
8.927615792320153787e-04
7.921809518531830463e-04
4.712030150546553386e-04
6.512540834862079464e-04
7.642462434542807159e-04
7.190315155245485812e-04
7.071910378169121714e-04
4.208756958554715766e-04
7.660638204018965780e-04
6.671879933648483529e-04
6.116409306535786072e-04
6.688256064908415510e-04
6.428189410510043444e-04
7.338440725188632996e-04
3.323109243744681862e-04
1.163067006189066888e-03
4.840707808977384730e-04
4.412206278725960829e-03
3.004216731792297423e-04
6.724395054877874145e-04
8.045345587266439225e-04
7.547741808089369897e-04
6.473339816253087520e-04
1.193695488382218173e-03
5.517994364474532176e-04
1.179335513468160457e-03
5.930251964958443978e-04
9.863957625775299221e-04
5.660237356028829936e-04
4.691568026284897996e-04
1.893963575362533902e-03
1.232764083560766721e-03
2.472451136330988675e-03
7.239117393424976399e-04
4.052311365523308950e-04
1.402205671004352894e-03
4.787393415597307467e-04
6.064246455750321729e-04
3.745814930589119740e-04
7.913263398542369487e-04
1.180711931237254930e-03
4.321931556910740824e-03
9.906833072754750447e-04
6.854677447254431399e-04
6.374333040639612591e-04
6.499240305437581355e-04
3.649192008197132964e-04
4.399566735528992467e-04
1.011195007253107292e-03
1.334167588428414319e-03
2.521483586015449418e-04
4.549516244214402150e-04
9.178527943181080673e-04
1.011896582408589040e-02
3.409744223912269945e-04
1.011087393349541230e-03
1.265262710091974441e-03
7.624811241431217468e-04
7.026584177562966715e-04
4.855839318764765267e-04
4.302310508297324532e-04
5.176433850593298303e-04
1.017112429584798861e-03
1.073570022560588200e-03
5.893904478710965122e-04
5.916966331600548301e-04
6.688851848046795112e-04
8.274142503577053276e-04
5.111300913718253014e-04
9.832928992423717318e-04
4.404337908177069494e-04
7.816248910064160782e-04
5.363720181410513987e-04
4.925874862440338120e-04
4.709266690046121084e-04
8.760480171599027699e-04
3.726757814526138191e-04
3.930130237002060767e-04
7.196534468967286102e-04
8.673125624696353952e-04
6.122996212187814535e-04
7.204752087179855380e-04
7.522369579859855548e-04
5.561854242035479956e-04
7.198489455539913706e-04
4.619552276903249322e-04
5.473084576372855281e-04
5.603834373566485283e-04
6.132384270411961324e-04
4.397587297724214750e-04
5.304253996101238045e-04
6.538275608338750544e-04
4.359375788514086025e-04
9.476556722951556821e-04
7.833169600051093084e-04
6.224537257288886849e-04
4.107884777653225683e-04
8.244006575566231732e-04
4.965386558648532400e-04
4.155763013251601024e-04
4.163401513110898122e-04
5.334093659197236548e-04
7.256271818381065941e-04
1.159738119143938206e-03
1.232356168005210861e-03
1.155969290664415894e-03
4.469257376840118923e-04
6.391098281994800345e-04
4.481400991167561187e-04
5.132886770162770063e-04
7.869208008983719083e-04
4.804451058966208166e-04
8.608841444974757451e-04
5.033970117409580780e-04
7.887799074683954359e-04
5.804023705966443458e-04
5.068393054533100184e-01
6.238272253362708852e-04
8.292163119421047668e-04
4.408325245925936997e-04
8.903049091006920435e-04
2.957193751633724332e-04
7.507015858081445003e-04
4.337837168577607372e-04
8.468075990464285496e-04
6.327981314981911964e-04
1.209648939628493736e-03
7.999396122357893546e-04
8.782514601008983846e-04
6.875250747100380977e-04
4.405193689756004005e-04
8.004432261383698233e-04
7.186679387878314174e-04
4.080409705942145138e-04
9.295486093368054981e-04
6.982662109997761490e-04
4.745096996394693178e-04
8.301293780217378071e-04
5.805557253317772393e-04
7.811910881549977148e-04
5.433498038911466210e-04
5.247016142249094628e-04
9.126016239626721926e-04
6.028957753230201888e-04
5.278687824628036651e-04
1.715619984704375156e-03
4.385577805479101698e-04
4.509906932028684423e-04
6.968911517084563911e-04
5.505239256926586222e-04
8.029194837391173678e-04
6.813877853772964954e-04
7.629884578648216120e-04
8.781880321642177023e-04
5.688364301938975132e-04
8.308692144929352708e-04
4.296682793381023657e-04
4.460903976379881897e-04
7.630034326808754486e-04
6.501920756782908484e-04
5.636497368968207411e-04
8.886075317597885714e-04
5.361186758783276218e-04
4.207847362316385897e-04
6.469158205142377938e-04
7.145697079966595311e-04
7.247583899427922915e-04
5.867325441357706950e-04
3.744719436227228471e-04
7.387272660999144591e-04
1.084128553536345407e-03
6.848453367283013904e-04
9.790520959782611499e-04
6.137990974686147183e-04
6.853519092473447927e-04
8.800807013571443349e-04
6.829341704097657839e-04
8.176670822912512904e-04
5.834349682203310294e-04
6.472349863102522249e-04
6.040395114332852700e-04
7.396070984135860726e-04
4.521328340700847548e-04
7.869175494157332196e-04
7.799180894139112752e-04
6.281153911977810367e-04
4.925949422514008802e-04
1.122494488861036643e-03
4.441363640133033641e-04
8.979467200305180086e-04
5.308871637513359332e-01
6.181555225452939339e-04
6.509180906881795181e-04
6.579100986125787642e-01
5.706834980720998374e-04
9.184846747203323503e-04
6.451794358746099078e-04
3.868110696245707913e-04
5.926354508858366898e-04
4.501494000308525756e-04
6.990984189307880570e-04
6.499414419778304364e-04
3.160289536481286632e-04
2.796827106195109991e-04
5.863659111966512683e-04
1.070882705924702805e-03
5.466686344561821898e-04
4.049109758135216453e-04
4.311317495364619390e-04
3.362118602723285221e-04
6.220846772961863280e-04
7.008813283988502008e-04
5.867346447168131363e-04
7.508644588192225910e-04
6.537413706162453764e-04
3.374069047836769641e-04
3.940574071847890991e-04
4.791119604412585886e-04
4.845561648139096178e-04
4.406244523664781809e-04
5.972550217769878600e-04
3.925798563386706519e-04
8.610224399170363085e-04
4.527991817013798936e-04
9.226639844790440748e-04
1.095492647124274299e-03
5.211457310103639884e-04
2.555182549173196094e-04
1.314438235326065296e-03
6.955308377882829518e-04
3.723608556001067882e-04
6.835410153662735411e-04
4.578623194433362187e-04
2.905040054272944872e-04
7.451355758831823550e-04
9.606375631001640159e-04
3.812532204143792569e-04
6.894610777301579674e-04
6.394629071593271874e-04
4.849375761395435802e-04
8.504632993151517439e-04
4.111183235053772478e-04
9.315913948775289555e-04
4.935601016669011187e-04
8.733903852800040113e-04
6.857652179803608306e-04
7.336972519489393108e-04
7.622753271725457580e-04
9.623864148657901296e-04
6.059704872818372223e-04
5.101976648695938366e-04
8.881348873863714743e-04
6.407267187427123645e-04
7.354675592061710176e-04
1.208626812541524487e-03
7.115241278405903813e-04
7.280856029723281608e-04
5.234597715002564655e-04
6.272994298122114287e-04
6.946265675615848068e-04
8.124350908857991271e-04
7.124512588738696195e-04
5.864847018308694260e-04
1.150955166195899437e-03
5.564785535583069986e-01
4.728956818844665122e-04
4.758621493792247747e-04
5.373960187107229558e-04
4.738588118691211548e-04
5.667746405606521876e-04
6.779911848937558716e-04
4.862349788755686575e-01
6.952830941209242610e-04
5.822901993681739441e-04
7.470115609926608613e-04
4.444448976776982363e-04
5.618736069266105915e-04
7.745179203872964990e-04
5.165984592778727347e-04
1.036642024473621859e-03
8.900521349666234983e-04
1.104798025714615051e-03
4.366680486462826138e-04
7.522568650202288154e-04
4.973482126271981940e-01
6.413831100999800583e-04
6.865668179472095289e-04
7.618885465738856055e-04
3.880729249985392926e-04
6.706644764022939853e-04
6.540091718605367532e-04
6.177157033562252764e-04
5.749553417402353261e-04
6.693622730260528897e-04
4.623638301914922977e-04
8.801373698474890261e-04
6.612175600899661276e-04
4.970875949368291913e-04
4.915926380384405547e-04
8.057564965291419412e-04
4.290834318609881848e-04
5.448230889832927915e-04
5.848787143776235098e-04
6.954853756511170104e-04
4.137645897408503970e-04
5.232649464126382099e-04
1.125884521975706321e-03
6.977475329890125977e-04
6.681274424948924207e-04
8.412332929133015114e-04
1.013621743176429391e-03
6.785816221395180037e-04
4.631048403425097604e-04
5.974916803062058079e-04
5.346911084060934627e-04
6.531390749664467421e-04
7.580967714027053717e-04
7.629019061461406181e-04
6.941583657180672162e-04
4.051965533768964178e-04
4.564486524323285721e-04
5.473734075209790717e-04
5.515336817651927959e-04
4.950598719055676611e-04
1.410113873472340629e-03
8.270476806728765951e-04
7.184989822484055821e-04
4.720174734004345396e-01
8.895277462315220873e-04
8.084641375880607939e-04
5.430631690848457538e-01
1.041331487055430216e-03
5.745702409569730662e-04
5.744977867827572027e-04
6.148288850056360388e-04
4.393755426796985830e-04
7.454491126210882612e-04
1.174503867090948006e-03
5.850656647758967210e-04
1.061520393200510171e-03
1.211538673544509948e-03
5.879512915530682449e-01
6.326311204828947155e-01
5.272233871451703635e-04
8.062382959472813582e-04
5.075346458625062951e-04
8.320822355827317551e-04
3.623224042108574849e-04
7.202262623700050881e-04
