6.662875427931425065e-03
7.443560760972189883e-03
4.651496760224915761e-03
4.994760251872065737e-03
5.325821451499734849e-03
7.564830370519359803e-03
6.710345705009501671e-03
7.658408809405159445e-03
1.101157627079984991e-02
4.279682902716075432e-03
9.257270544559048631e-03
6.275115500280037395e-03
1.251898515085514418e-02
6.088822685391903633e-03
5.889512820200337728e-03
1.399112997993512408e-02
5.219982130860501002e-03
7.543909147500471590e-03
4.540406742712832511e-03
6.017043267178223687e-03
5.624135107126448929e-03
1.228383388122011866e-02
4.244179944404180560e-03
9.450222313208911373e-03
8.209989520203464508e-03
9.638178595668733806e-03
5.337958240239970564e-03
9.445925172151703464e-03
8.121033603522676003e-03
1.781678218981852524e-02
6.776510018742243346e-03
1.349658896604921665e-02
5.638781467833808847e-03
7.130757103205098701e-03
4.345568931348964270e-03
3.524586547047903196e-03
3.875932202717535802e-03
7.636784275398156296e-03
5.265798457863013482e-03
7.171725046923427271e-03
6.261157837233355394e-03
7.006526723916550736e-03
8.360786453192048384e-03
5.994300004097397050e-03
9.871909325017469428e-03
8.414105489801926296e-03
6.625360836050475655e-03
6.618027884034205499e-03
7.656316614720992675e-03
1.390660373175478526e-02
4.742966981009288929e-03
4.005268249656523949e-03
1.238456223216743979e-02
5.767485551803730459e-03
4.607876741353322814e-03
8.806403318935451807e-03
5.442793144627700030e-03
5.531667766430103939e-03
9.857509761076244104e-03
5.269234630059571600e-03
1.417729005537893272e-02
4.343126395408347662e-03
5.979218490399063057e-03
5.797695840847438831e-03
2.478345272358239981e-03
7.504895994351556965e-03
4.369131113413970979e-03
4.431199901702598254e-03
4.005289076488338651e-03
5.885263750396774185e-03
5.574744362146333287e-03
3.404606746101990211e-03
3.374633533191229162e-03
8.179913715007813835e-03
4.999448361964198284e-03
5.524289139508198332e-03
6.544543570019101253e-03
5.877401490671729789e-03
1.229965774061625439e-02
7.491607174838321725e-03
4.670177126424590597e-03
1.139963788243036902e-02
4.585499378304547236e-03
8.214432403228499879e-03
7.207258564786656052e-03
8.682375283491694518e-03
6.925314794806070040e-03
8.388174707867790403e-03
6.001751737318983260e-03
1.335279577065762169e-02
5.599064403181586158e-03
7.197004291754183214e-03
6.459752079443603634e-03
4.945421729424026580e-03
6.253895815817145376e-03
4.251455599248998851e-03
7.036894242514080133e-03
6.407360814655760350e-03
4.474847545200333343e-03
4.214058298448009054e-03
5.809179110251250222e-03
5.284945167367993690e-03
4.630233383917214951e-03
3.828137950236509823e-03
1.525232181788993557e-02
7.028234228556584640e-03
5.596515580727157158e-03
6.697741954187819147e-03
6.730830977595303466e-03
7.652642777561169396e-03
4.774194160603428827e-03
5.355401436307971608e-03
5.673071709065169443e-03
7.071164969040921733e-03
7.272530759276918388e-03
6.377997103591326322e-03
1.003540606471631236e-02
6.982372493776978217e-03
7.121057422118326485e-03
8.601379612453996515e-03
3.905144593723264279e-03
5.307091638847794002e-03
5.698298338749907543e-03
5.218501707251022026e-03
1.029588699064021284e-02
5.714004720342558130e-03
6.404511474677576643e-03
1.112391221455766299e-02
1.107938825060728050e-02
6.224422000862261939e-03
1.259346790464377364e-02
5.617478395222974541e-03
4.366446046759620003e-03
7.198193826841503551e-03
4.170913277690146970e-03
9.410329508771297924e-03
3.273459703677872312e-03
5.294937945571120963e-03
6.442489133132056622e-03
5.288674882052646353e-03
6.858477388963279964e-03
4.060618541881666488e-03
8.383132898252654286e-03
5.771330592658330261e-03
7.712264912793642679e-03
5.442302128933818040e-03
6.299005079785757744e-03
6.040520902896417965e-03
5.160793930855334111e-03
5.561024335587916312e-03
5.499689694250520233e-03
5.188091454058962881e-03
8.154498745170712937e-03
4.805140298824284173e-03
6.067330001538806528e-03
5.879458173499330087e-03
3.801068085355296944e-03
8.753824969904400177e-03
8.272901165909729571e-03
8.158442937531873440e-03
4.259775662891485126e-03
5.128211949855909779e-03
9.437955875498005298e-03
5.057284477192780514e-03
6.028185684346709650e-03
5.809638044343756746e-03
7.150294454870476102e-03
6.217342647289569868e-03
7.998810859451310762e-03
5.350320453864298997e-03
7.248899295063893078e-03
4.751558704050751203e-03
1.182042818700068665e-02
1.195154583982116492e-02
5.380490205659782532e-03
1.848650334772017345e-02
6.650001785477144267e-03
8.890279699066638841e-03
4.232857732468175982e-03
6.339872302024929240e-03
8.365747399889045255e-03
4.614564299988188623e-03
5.604349900952598773e-03
5.775255313398730550e-03
1.076652620652396308e-02
5.151580159274971038e-03
4.561422665833703149e-03
4.626701530849430810e-03
4.102018352135416990e-03
6.811226842465600839e-03
7.110053744238342688e-03
7.981007923707039708e-03
5.100794914834949623e-03
5.636324127934244643e-03
7.450097708090908100e-03
7.165910081162962797e-03
6.973250683486753587e-03
3.767308213216580270e-03
7.034698186867416325e-03
6.417832560018155164e-03
5.379520378824054205e-03
7.025207862263016523e-03
6.527750602629112109e-03
6.485478066064587210e-03
3.879507060872811053e-03
8.657324725678705590e-03
5.197564208653915330e-03
2.882407759807747993e-02
3.672457850317556449e-03
6.091937346784703777e-03
6.309176897516977078e-03
7.305385097090777435e-03
5.663483114705769594e-03
1.005054185708331715e-02
4.395437801271384615e-03
1.059124011479894989e-02
5.829556029688376384e-03
9.630986338677871572e-03
5.720767553196282051e-03
4.823248857462658634e-03
1.628639310191815071e-02
1.022355153230947167e-02
1.890373151998048229e-02
5.604571770241761897e-03
4.285340244699398227e-03
1.288710599157383285e-02
5.291114040836930599e-03
6.004296307693834933e-03
3.982107064707918198e-03
7.161365749137615921e-03
1.108693136680116709e-02
2.853742149535065664e-02
9.109944805057779149e-03
7.576837532546676357e-03
5.525324900606420897e-03
6.555618179390876321e-03
3.482344461264830215e-03
4.897778308123434954e-03
9.718691983195526518e-03
1.134493534377511992e-02
2.484411360953231451e-03
4.075044669242799955e-03
8.480576421430185974e-03
3.526875355553116265e-02
3.957877440832646698e-03
9.642321360693983934e-03
1.142874211717170851e-02
7.841365194064309208e-03
7.384807229183110167e-03
4.534849938721663420e-03
4.829746499602549648e-03
5.314251743282483176e-03
9.215268689068523145e-03
7.815509314994528722e-03
5.531101586964126682e-03
4.927527877054416194e-03
6.703943532087919266e-03
7.908708810401066103e-03
5.048881334335675319e-03
9.303709073275712171e-03
4.505691854681970199e-03
6.889408226406601443e-03
5.524352845529989509e-03
4.574799346187319316e-03
4.868596594324259286e-03
7.571101543685898605e-03
4.106793075344228328e-03
4.221874318794505143e-03
6.458156455565244869e-03
8.398801275291134516e-03
5.941532347058853247e-03
6.098525233866780582e-03
7.360073907534570026e-03
5.766772957155552604e-03
7.162252378410727260e-03
4.972558467770227253e-03
5.922302090528575036e-03
6.065236202243085017e-03
6.440516790995332030e-03
4.439651539534850144e-03
5.573426382994739470e-03
6.778682159158222476e-03
4.511205218378222526e-03
8.485568941885901495e-03
7.168198776625445134e-03
5.616128673423759210e-03
4.695683302127662273e-03
7.743939773810382121e-03
5.215933337233025213e-03
4.153447254342523820e-03
4.002487318551573026e-03
5.553187512294499584e-03
7.229802716821609465e-03
1.042944180412419541e-02
1.121759029528845986e-02
1.038916543582146801e-02
4.716034761283793841e-03
6.286825894331826703e-03
4.902624194251359313e-03
5.443398480927896799e-03
7.028677743232236708e-03
5.102388318821482471e-03
7.819881152251184631e-03
5.572131189325091327e-03
8.153470782275462625e-03
6.202712332047610744e-03
5.020047199136641325e-01
6.192375719930254263e-03
6.975790212106147692e-03
4.859940711305910099e-03
8.572449575218854534e-03
3.322397396857468266e-03
7.376320454866913678e-03
3.656392402838548605e-03
7.973627853822051748e-03
5.551797953934567431e-03
1.080364508465692097e-02
7.347680168578563098e-03
8.864695203097738840e-03
5.995830093695531104e-03
4.647215929203696305e-03
7.234295381092437083e-03
6.808838070273992571e-03
4.480346204395857512e-03
8.848173715016116603e-03
6.282421180529240701e-03
5.307175320421464448e-03
7.326247828817855634e-03
5.215158254593177389e-03
6.029746023422433154e-03
5.310351145332958822e-03
5.701315223721081793e-03
8.400634085873548429e-03
5.959113049438968801e-03
5.735459250328034386e-03
1.336810966857271410e-02
4.919018977460609676e-03
4.805003547275532583e-03
5.537362305563675591e-03
5.862227814976250784e-03
7.287260758928937321e-03
5.860912127133133254e-03
6.786265488308629301e-03
8.511301614316124642e-03
5.499123200511490950e-03
8.377698365244157230e-03
4.946117406575467612e-03
4.912277792680441735e-03
6.693108643343492759e-03
5.165280079292955406e-03
5.777719759649357911e-03
8.003937086030532555e-03
5.284335697108843988e-03
4.413785214534726720e-03
6.634648489406202998e-03
7.394378198803508440e-03
7.620942849705159006e-03
6.380211595576668060e-03
4.119736782644878303e-03
7.218008721004309791e-03
9.925647768724843445e-03
6.208397695026235397e-03
8.620436200938996762e-03
5.126439378027924931e-03
6.584379728398204179e-03
8.347200222544870485e-03
6.904849200456197877e-03
7.961539514287352404e-03
5.516793759277049958e-03
5.892205361668345631e-03
5.240348494304214455e-03
6.968155737375525405e-03
5.046178637535092548e-03
7.451899002401063399e-03
6.986718233449096260e-03
6.242424370729082739e-03
5.499127761542155213e-03
1.038987148505299274e-02
4.451278312785689195e-03
8.461544291385791894e-03
5.186273696910177478e-01
6.247483111710749881e-03
6.007514784975853672e-03
6.262672685785943827e-01
5.666550966672900813e-03
8.913617955538910564e-03
7.041788432125883901e-03
4.412258206166086438e-03
5.542482626211153729e-03
5.108540096962599364e-03
7.148979248043474399e-03
5.402239835024857939e-03
3.570990577188126736e-03
3.591115050735282921e-03
5.929383025272016994e-03
9.957723633036152933e-03
5.538354664921030235e-03
4.452064594580917856e-03
5.040367883626828416e-03
3.556082212579525503e-03
6.316704096040126615e-03
7.029108411643392174e-03
5.368991907534592656e-03
6.472695315604681809e-03
6.962843423323761272e-03
3.665527622946029851e-03
3.842316852800564675e-03
4.835804647338903806e-03
5.733028720989352678e-03
4.621527398143143728e-03
6.424114720946505486e-03
4.070654864150924368e-03
8.078285081705161019e-03
5.002996490901523430e-03
8.234660034563745512e-03
9.349954426358664250e-03
5.286705176800410300e-03
3.346931729712565584e-03
1.123252385527351294e-02
6.608631445978119245e-03
3.740662770532310333e-03
6.062531993624276083e-03
5.133311172119903176e-03
3.595067765150616879e-03
7.383380740829892375e-03
9.327078467407545759e-03
4.312059962991554585e-03
7.191616477147277919e-03
6.287052809099691331e-03
5.180416570489398964e-03
8.010679274487841894e-03
4.350037064089207206e-03
8.601933104081638248e-03
5.620748337758385560e-03
8.845702249413278651e-03
6.906178162104481544e-03
6.644103352918762084e-03
6.012626332143611307e-03
8.536125505720804085e-03
5.965067652855537972e-03
5.363478168863622386e-03
8.766877300054431998e-03
6.614780164127864737e-03
7.685234360284454169e-03
1.065134977967829855e-02
7.059229393860277924e-03
6.208932656917909298e-03
5.678465081111028212e-03
6.028056701506301351e-03
7.537205516477740730e-03
6.921868678528397822e-03
6.629574151563843998e-03
5.874123472246139954e-03
1.036367785642511308e-02
5.325469886491127625e-01
5.219159196496292452e-03
5.204845266423063777e-03
5.440074067273314995e-03
4.818498270605431344e-03
5.342802582930517019e-03
7.385398947533872160e-03
4.888934986093040891e-01
5.977522153006731287e-03
5.694652122169685526e-03
7.142332227076053641e-03
4.536719831932600755e-03
5.300487387060570654e-03
8.357134702691837447e-03
5.427493081359813232e-03
9.492151044447894037e-03
8.043870984259626766e-03
1.052696016657250766e-02
4.900643891645017902e-03
7.370114385071957486e-03
4.854835685287532954e-01
6.559416016127528337e-03
7.001703433655137587e-03
7.595749334665669039e-03
4.364954552524835663e-03
6.379539716199644772e-03
6.123717302507714066e-03
5.444767392141613982e-03
5.626313595399778933e-03
6.873184296779299984e-03
4.509710003638645048e-03
7.891856205429093052e-03
6.806415684682320943e-03
4.480884437604970572e-03
5.466084502860013572e-03
7.390435746270185291e-03
4.760288997275097245e-03
5.674657390109416610e-03
5.971591310050428092e-03
7.037311856290529022e-03
4.860000157620447681e-03
5.449685015264549293e-03
1.088166691076963843e-02
5.711211045024811028e-03
6.733822431847613643e-03
8.321431430669434803e-03
9.229363117842837028e-03
7.210271211953056536e-03
5.118676968081103951e-03
5.331517089985027269e-03
5.694174080829839113e-03
6.103468031547265582e-03
7.409747888015516537e-03
6.661062350758584216e-03
6.833204552282978739e-03
4.441409390544492908e-03
4.462227480271252489e-03
5.952776519396962840e-03
6.199002397334396619e-03
4.404508031406351165e-03
1.250258632417811100e-02
7.520614071378162180e-03
6.979196332014936388e-03
4.687214315368883888e-01
8.702509444805883732e-03
7.500969656312861389e-03
5.241928660310151145e-01
9.454653149873593065e-03
5.934943681104698499e-03
6.128691801407626372e-03
6.284304739441637366e-03
4.573774877147940288e-03
7.846054152206960453e-03
1.041651788895947561e-02
5.941339791451838437e-03
9.766494630731870075e-03
1.128242146960900527e-02
5.652186898023963124e-01
6.051789849990143466e-01
5.908847557723362343e-03
8.505654930914374745e-03
5.870365485801443128e-03
9.120345628929271697e-03
4.128483265297688831e-03
8.045602788428141139e-03
