2.933439317815960123e-01
4.424517404498047313e-01
6.244624757324892528e-01
6.561028696929156467e-01
6.732571822794888305e-01
7.879989240145874874e-01
7.848334045624092425e-01
4.170330249881892826e-01
2.604780595283813227e-01
6.180243339421842563e-01
5.062846427724814191e-01
5.222183614408244523e-01
6.895155968842843208e-01
6.538894279664333453e-01
6.718598143602356743e-01
5.177505425976036690e-01
8.128241899982278085e-01
6.410192464940465129e-01
4.764659497507786057e-01
7.141305832546471777e-01
6.144398916135003219e-01
3.696305219716116142e-01
6.768731844488939942e-01
7.142024039354666343e-01
5.664638333065958875e-01
4.267674468800315424e-01
2.892616017351379298e-01
6.701201452182097285e-01
4.811139717474972599e-01
6.566206000992522718e-01
5.241056844704594653e-01
5.846925171606365268e-01
4.284493911687441425e-01
5.237406865569411707e-01
7.453461383340354018e-01
4.962081997195149086e-01
7.514040008801785575e-01
4.882448783731518915e-01
3.915580037144970049e-01
5.011727821336258160e-01
8.689151838926925109e-01
6.772281527714447691e-01
7.862021585603109486e-01
4.176765392679833155e-01
6.860838756395715166e-01
3.852656602953139497e-01
6.603903081893136573e-01
5.130899910545707598e-01
6.326197496160794742e-01
5.687936963808546409e-01
4.176761573713818620e-01
1.999224594645667707e-01
1.986298580377763301e-01
8.042468139801499660e-01
6.366290174558670856e-01
6.257251560846874838e-01
3.228227209257354957e-01
4.195957777582925985e-01
2.163171070166569621e-01
2.809722879631877390e-01
2.220413913982675069e-01
5.991548014534373578e-01
5.680623880354644939e-01
4.883195868541925222e-01
4.433633181302809589e-01
3.244683358355118230e-01
8.134642822911430926e-01
6.287657170412828123e-01
4.159300159421839282e-01
4.524007089872412735e-01
3.674197761966198073e-01
4.770796045468692625e-01
2.969418711619233875e-01
4.068530913421213313e-01
6.329829441254446465e-01
3.917520866680774816e-01
4.660725974857307108e-01
8.322797416338509890e-01
5.459863697165978635e-01
5.917800761346612148e-01
5.434895823773437940e-01
5.894455651428458509e-01
2.962018885718542549e-01
5.293792011652733720e-01
7.464586139368023510e-01
2.739891793120250441e-01
3.785585580302637254e-01
7.521862957073679468e-01
6.925461145614306702e-01
5.548613475784378579e-01
6.508454398644403227e-01
4.159106342979050908e-01
1.057015122270904328e+00
3.892591410289760745e-01
8.478079685776158669e-01
8.685349249569220831e-01
4.038904353490515575e-01
6.054530440168690575e-01
4.044934374148354550e-01
9.942478302637667298e-01
3.984379694136279682e-01
7.311030833991338795e-01
4.442820589598603931e-01
3.979744072446749215e-01
3.567852999543248416e-01
7.268685668648693365e-01
5.094250393765236140e-01
3.540837830570318090e-01
7.844353900762328635e-01
4.500633825136972632e-01
4.814760169644713983e-01
5.902561717348717707e-01
5.202609263598105827e-01
6.475496386515366964e-01
5.579465928402491670e-01
4.912256335129754348e-01
4.552212245965812087e-01
5.491013456846722818e-01
4.680365773516754757e-01
6.320658026315228994e-01
5.514967074618688514e-01
4.359332289081265799e-01
7.613399318280897887e-01
7.421438182860100596e-01
5.654728813781630947e-01
8.022533664852034008e-01
4.657906948989278817e-01
5.791002370070472693e-01
5.464195542075849232e-01
4.200706918153187530e-01
3.095450532271826205e-01
5.969357764027094504e-01
7.570555796933824411e-01
4.117325553303814445e-01
5.150649279424968086e-01
3.967169129703904673e-01
5.301959599999008788e-01
7.261965011063544750e-01
9.815631326845952742e-01
3.536191296686972407e-01
5.091496670423296678e-01
3.886334510370517137e-01
6.059357046737154917e-01
4.221531696315103943e-01
2.763585501713201609e-01
5.786079132357180299e-01
4.939337898149211981e-01
5.588398289600498003e-01
4.348883380475569993e-01
6.780811446638494999e-01
4.244280705298173473e-01
6.056832438126420470e-01
8.225789517566219899e-01
5.624939420534431633e-01
4.423771640434424057e-01
5.695562636066213713e-01
4.269911786116722396e-01
6.061707187335443336e-01
5.475371022397297338e-01
5.756590905467966479e-01
4.682978158905335420e-01
8.923547778219038662e-01
5.684562720365740063e-01
5.630405289980124905e-01
5.427721064899415637e-01
4.109411857434679405e-01
6.190980088694999495e-01
4.625983902336514575e-01
3.127284572821835695e-01
3.859023991824237498e-01
5.886229014259320991e-01
4.889657387498438368e-01
4.392813641777344458e-01
3.052580042526464865e-01
9.986033266823852728e-01
6.304362279781940970e-01
2.050408314495477669e-01
7.433772393107069831e-01
5.647999114399375742e-01
5.843498070092856267e-01
1.620267438394300541e-01
1.752046433626723854e-01
7.213585911496132042e-01
6.789203129473726506e-01
6.253520496572768650e-01
8.262507797568723333e-01
1.876245611542231018e-01
6.380293331904809406e-01
6.402909911135310495e-01
5.953706681889059382e-01
5.007111703707423089e-01
6.006821262086994295e-01
7.362498977077081008e-01
6.046226845699997909e-01
7.737533153869868841e-01
5.323150502070106427e-01
4.764562867012536174e-01
6.094337428506158005e-01
6.335860178095238382e-01
6.704846941168902674e-01
5.334140752841527444e-01
5.295063850417243145e-01
4.184357069348791924e-01
5.403758019742284091e-01
2.278809665647330007e-01
5.030677943849291012e-01
7.281337367718094811e-01
4.770779244153651177e-01
5.979348486716880018e-01
7.312868494309938683e-01
6.049756947733726520e-01
7.753974374254468671e-01
7.251004727721195309e-01
5.731000750739276839e-01
7.317743911518803657e-01
6.455091938582775413e-01
4.573332195415922286e-01
4.814640368728326791e-01
4.356896619673698012e-01
2.914495693270460208e-01
5.300903701788044486e-01
6.857833930093271135e-01
6.118044843946215394e-01
4.141812731353411436e-01
4.198256166517992938e-01
4.324314573545997575e-01
6.653567853951720679e-01
6.938537260473793822e-01
5.789965114386887990e-01
8.733808432555143497e-01
9.030243407420392998e-01
4.720982924677201709e-01
5.034364959901935777e-01
4.751514064807409454e-01
6.101648488779076729e-01
4.983465475463830785e-01
9.320352805941141128e-01
4.677086216420391906e-01
6.274961049138845226e-01
9.447685940835270912e-01
5.986334739639040947e-01
3.131315321661780615e-01
3.168301309889969275e-01
3.107025272926833281e-01
3.800490407075152177e-01
3.933288510236501168e-01
6.099097772785526672e-01
3.087453519962188864e-01
5.953878503288301260e-01
3.825799960664362231e-01
6.496798753738559640e-01
8.739671793411893930e-01
5.945918925929447596e-01
2.571082447088812728e-01
5.645437606653906926e-01
6.435445705530327132e-01
5.692210843608833670e-01
3.263639254254648847e-01
3.307742796885619896e-01
5.640939150314245865e-01
6.763633869223575346e-01
4.565383358915866552e-01
5.965008393106323581e-01
2.521911570131756264e-01
4.399631022486722998e-01
5.918841115033330880e-01
3.938655167267235413e-01
3.470425506667176307e-01
6.371596201874680787e-01
3.739624040803697369e-01
6.701260141729150632e-01
6.399378216050877199e-01
3.847468418208457308e-01
4.107171819275983182e-01
3.646542566193318180e-01
4.805137171422053655e-01
6.461059218507259061e-01
8.309698414885673401e-01
6.518488554191392836e-01
5.057995620506936518e-01
5.799337210626838157e-01
4.486670179730793961e-01
6.861729873203117336e-01
4.425845219448838463e-01
6.421865189761781778e-01
3.267691657088427348e-01
2.647821538020629362e-01
7.226311399507245881e-01
4.975037552700207755e-01
5.235794017891706176e-01
5.563562071504826179e-01
8.498583786926410255e-01
6.169579930644459864e-01
3.822565577568290962e-01
6.791640287852231950e-01
6.864103564020460624e-01
3.292929973308638125e-01
7.034604762762555197e-01
4.584618360112635571e-01
5.650946954326379057e-01
5.522210925475832255e-01
3.955082976303572195e-01
5.655363784665325966e-01
6.775828015578291286e-01
5.535884261712027410e-01
5.589682747543065489e-01
4.319549203356807254e-01
7.109455768069743442e-01
3.734195763145073954e-01
5.801578596875778260e-01
6.142549044415979154e-01
4.604319507635317166e-01
5.153199200256430856e-01
4.736315584065096118e-01
6.676112601613368724e-01
3.874244462032976344e-01
6.723952853373056371e-01
3.710351237581797079e-01
7.135321742658149446e-01
5.122326286819145480e-01
8.708260395188176517e-01
6.370598919916226066e-01
3.249028133757221326e-01
4.831597967390806048e-01
5.465972035517623340e-01
3.366478203823000115e-01
3.854365959535037689e-01
4.834922888618002901e-01
4.744142438983445231e-01
5.341462841422845997e-01
5.666200213147334352e-01
3.888474704788968950e-01
6.608769058493244586e-01
4.743491173378373560e-01
6.119741775194071920e-01
4.385585935311766548e-01
5.088008526572131984e-01
7.073849204111333222e-01
7.806801046900204710e-01
4.419793949169132929e-01
6.027041456886195192e-01
6.988659735672264617e-01
6.434009911569411599e-01
3.796730508303554075e-01
3.450517921407119104e-01
5.081965792161255990e-01
5.466683565275332057e-01
7.301773449299879815e-01
5.870416522110311064e-01
5.324561088033874512e-01
7.563775017990970184e-01
7.194062034066810440e-01
6.152650831909411977e-01
3.513370011749827881e-01
7.237688883601229861e-01
3.386858811704804850e-01
6.616130653923946170e-01
5.881342445365618232e-01
2.569932490925701529e-01
6.998417927259836802e-01
4.941641685207613932e-01
6.101282674658250471e-01
5.681104333906574766e-01
4.977375118005795684e-01
8.568876735125883215e-01
5.186114586187287046e-01
3.289191613514788060e-01
5.059569003416761745e-01
7.049096579322373657e-01
6.337642089464807782e-01
5.910650998327469097e-01
5.923141728088978653e-01
7.339773953274857377e-01
5.689531561903997670e-01
3.127717791777833156e-01
5.591857241576398962e-01
5.118183929930886222e-01
3.978586633179936882e-01
5.932423744015942191e-01
6.431625608271112071e-01
5.509293167797508772e-01
4.230832052179778202e-01
6.084812298244379747e-01
5.187102850014575495e-01
7.485104067840815389e-01
2.118297420960502109e-01
5.489774839734167244e-01
4.238018835627421765e-01
3.971909114248646233e-01
5.378767025283899272e-01
2.671822942128656564e-01
5.142929899116879255e-01
3.491126568374838257e-01
3.613584020725326695e-01
3.679140940103060586e-01
4.142683742510051559e-01
5.331746504870658043e-01
5.330721072899891055e-01
4.181143470049271116e-01
6.019259797030258596e-01
3.779474175538943825e-01
5.005743394925801226e-01
3.717141635507772435e-01
4.825513461886750122e-01
4.933360467299223728e-01
6.305594716458671201e-01
4.788627268976277662e-01
7.619305211289990609e-01
5.063764371313865809e-01
3.178465981610649749e-01
6.462120286955226334e-01
6.275591097505284210e-01
5.980087419151196571e-01
7.818119549945130586e-01
2.240735020984203629e-01
6.852334822198926645e-01
7.645661455649737093e-01
6.172390450378273385e-01
2.431696248422170470e-01
4.645923248940917460e-01
2.670575217882138475e-01
5.857930212544744109e-01
3.484723963600515617e-01
4.270427181384022219e-01
5.001483167078042413e-01
7.187130745440946100e-01
6.404324533365048921e-01
3.063044741959863870e-01
4.853541131532104203e-01
4.486438468062168283e-01
8.543385082474728165e-01
5.897385506548076251e-01
5.535072660854325477e-01
6.293270137005748666e-01
8.195239869784494147e-01
4.396911331038815263e-01
6.276869337482402500e-01
4.560020057891733813e-01
4.728382921785403425e-01
4.500377210523254234e-01
1.812469888556513808e-01
5.231608813380397294e-01
6.348930614977668085e-01
3.920881316622129020e-01
3.799136240688021360e-01
5.893136314874247716e-01
5.388719104573027607e-01
3.216858392931172261e-01
7.378667535534901845e-01
6.347174347183468512e-01
7.380250375209342906e-01
4.694519758547315291e-01
5.579673055361347167e-01
4.172974115348040414e-01
4.066800897105267154e-01
6.335968633391146909e-01
3.935372739036431255e-01
6.940665326622408315e-01
5.863859149330750142e-01
8.392322246076773240e-01
4.445383567967908789e-01
3.999222917661136023e-01
5.711681950790783446e-01
3.262454292141008239e-01
1.917204120242175236e-01
5.504258865068401008e-01
5.887253601581043938e-01
5.106969817427895464e-01
6.159962762576682849e-01
5.500766368200693535e-01
5.998930745830683975e-01
4.343786355447818437e-01
7.737279114501802724e-01
5.294890530995992606e-01
5.398317896221520584e-01
5.280890943742342358e-01
7.868154788132635247e-01
3.997834895477616612e-01
4.359577671293273227e-01
5.725891309546149444e-01
7.919941951772955235e-01
3.925620231170476870e-01
5.227802802603456200e-01
5.108527313467874365e-01
1.432981832548094303e+00
3.216511946962370416e-01
5.347277338601479357e-01
8.404746425508804464e-01
4.243852704227606409e-01
6.429214736036001909e-01
9.878588370732650503e-01
1.999718128649412563e-01
3.550763848877593887e-01
4.960644554557092079e-01
5.441551040845808984e-01
3.558154584756998418e-01
6.623664881700470630e-01
4.741205658022344949e-01
3.740808116843865605e-01
5.877540233503069089e-01
3.633743312632233824e-01
6.402477825880090734e-01
7.450653530342243869e-01
3.950826934174962446e-01
3.240145858428213899e-01
3.939077831838240229e-01
7.297886146679601893e-01
6.257878311096263246e-01
4.548605029327212890e-01
5.999082591185782576e-01
3.566485111460977464e-01
6.037984768390600721e-01
5.324367728273102784e-01
5.570639595010788980e-01
7.079463622745407747e-01
7.077373259883898982e-01
3.159025314515560012e-01
5.454321364846386189e-01
3.835714519972057701e-01
1.671510853821871478e-01
3.589500612202520813e-01
3.847025512785826606e-01
7.645911768581576951e-01
8.181043615272827196e-01
6.437377704128230960e-01
5.758841338410256583e-01
5.439090601042799733e-01
6.762265684999277937e-01
8.495395120160296187e-01
5.418232941993430529e-01
4.206002679136169320e-01
3.737440314081332815e-01
4.354262208384440669e-01
4.425983777250799278e-01
5.626881917926596088e-01
3.871375396933558477e-01
4.573723332641996819e-01
5.331719589928489711e-01
8.097005051263117537e-01
5.203490071009682083e-01
4.509112678841518118e-01
5.258724112710879695e-01
7.933934713362873481e-01
7.445381568739790623e-01
5.259971064004957952e-01
2.231824229708365692e-01
4.327894248661081633e-01
5.394578161645071646e-01
4.268960831780361787e-01
5.946732406781585212e-01
4.362643189077850536e-01
3.781200612215727119e-01
3.727693567731016344e-01
5.425218777035709650e-01
7.576532691239563633e-01
4.633943619485236809e-01
7.217022571769113881e-01
5.669287000746727756e-01
3.468426476658486024e-01
5.989992163723520946e-01
7.027602727037383090e-01
4.702372737600839514e-01
4.799498875096119832e-01
6.881528242554395547e-01
5.442551879945760618e-01
2.611530675619668784e-01
5.792551314305391941e-01
4.002604018483779669e-01
5.045553785621699205e-01
5.404048994114987181e-01
4.539638129982428438e-01
4.885256060939759948e-01
4.608900306430960825e-01
4.928633449155164215e-01
2.696737223289566998e-01
5.603585546929892303e-01
2.596529410884933498e-01
1.968889075641513386e-01
5.180936635285995351e-01
5.010661543846488541e-01
1.028943308933850886e+00
5.324282024655957457e-01
6.234688826089822555e-01
4.224613011890490100e-01
6.998589442285130247e-01
4.618611736160360692e-01
2.404850996669694041e-01
4.531956696703431930e-01
6.693635221720377615e-01
5.336144671060694122e-01
6.153371266716085586e-01
4.810140871809771568e-01
8.203220256695082924e-01
3.536993295443231489e-01
3.790536358778311410e-01
5.668135746873623759e-01
7.453940457528354102e-01
3.722289943527137268e-01
4.668393751130217595e-01
1.148755196816221513e+00
5.248397291178044100e-01
7.088191548526054930e-01
3.326658417372065912e-01
4.664940836402067248e-01
4.004036300087179256e-01
6.033925300474791698e-01
5.094473063139872693e-01
4.225143731527509772e-01
6.358481796918908913e-01
2.435441969128042672e-01
5.449906345270250085e-01
5.395017203589382859e-01
6.621122667002552475e-01
5.470460182479293110e-01
