5.549278600084051050e-02
7.405694459618672454e-02
1.949769021135736580e-01
2.464561955471431531e-01
2.546207852148860695e-01
3.258875274494066332e-01
3.390125398138543744e-01
1.596595207634301516e-01
1.762167064883399803e-01
1.944759181317294860e-01
1.233625369602577848e-01
1.027803624240952729e-01
2.806594140650879865e-01
2.155411000008129463e-01
1.897013878784825636e-01
1.109798916937911883e-01
2.928623373908543215e-01
1.631622646192028014e-01
8.154301213823700323e-02
2.137628464548768648e-01
2.099377879117696466e-01
4.408716728103456717e-02
1.663541384027205083e-01
2.522040616490990317e-01
1.284913814670929355e-01
7.309789319253923168e-02
5.858304565767014083e-02
2.197563861571474320e-01
9.631341956830752338e-02
2.743291435049783900e-01
1.296049010767497123e-01
1.679588698293024152e-01
7.472037470569503625e-02
9.230626109646422606e-02
2.888102204932039285e-01
1.002771393975407932e-01
2.743479540841100572e-01
9.247812610801275923e-02
6.447456708344034837e-02
1.059525195177783985e-01
3.544020077551870429e-01
1.801921329767424140e-01
2.740200049233152413e-01
7.801595204308853226e-02
1.487848453241653601e-01
4.758883808385050429e-02
1.799610379521965342e-01
1.682563643430725620e-01
1.694330352109467697e-01
1.635165939180431849e-01
6.478950229210411749e-02
1.498148020269951530e-02
1.486712695749758950e-02
3.120107606210353879e-01
1.984819047798609404e-01
1.919617557964343746e-01
3.435740600703240943e-02
7.717193983538805924e-02
1.366962941765486050e-01
1.854315452300632217e-01
2.038722409727711238e-02
1.496640642218451944e-01
1.539442122772882726e-01
8.508604015402099208e-02
7.382037328465784753e-02
4.302385912515660493e-02
3.410026444619553843e-01
2.253598393108759979e-01
6.629002605307121598e-02
8.888686449461147276e-02
4.824641151267528016e-02
8.561289111199954505e-02
3.384131890014430155e-02
6.609050486025580540e-02
1.658731637529591296e-01
5.665697746209019670e-02
8.385643406478493489e-02
2.969248622844666841e-01
1.424206193383987795e-01
1.885839253073058330e-01
2.813942713335571000e-01
1.355233731655474116e-01
4.870294723609447374e-02
9.923502199321276862e-02
3.544464660906676556e-01
2.415823514108339509e-02
5.562395253701168940e-02
3.208641206447673255e-01
2.354240994089487060e-01
1.412602641833160533e-01
2.715876887857469058e-01
5.429838167384204439e-02
4.238083580307900888e-01
6.598204531345075452e-02
3.400778156282378006e-01
3.305594674818159717e-01
6.119548830172405474e-02
1.462862046494954882e-01
7.255223353167394862e-02
4.774211554306795335e-01
5.630320212103256949e-02
2.811001072013787905e-01
8.033673112566575014e-02
8.233135918538891929e-02
4.869372695547724561e-02
2.476541826987670447e-01
1.103470258074707999e-01
4.996958772290582829e-02
3.225933363413631128e-01
8.311845698699116269e-02
1.244445381447789600e-01
2.049198744077749268e-01
9.959107477360262806e-02
1.768587043507174883e-01
1.368605492092633824e-01
9.996856554917599169e-02
9.443857903256969166e-02
1.606863601303238909e-01
1.320505330116787945e-01
2.453620880184992359e-01
1.210316379098124173e-01
8.482710514675773084e-02
2.833848344679132936e-01
2.335213474098338793e-01
1.086211944661492623e-01
3.257331383838995009e-01
1.031304224796514291e-01
1.657706087183470345e-01
1.269952999973611441e-01
6.891724802311927078e-02
2.779762656195003956e-01
1.592498304888749772e-01
3.885519224882258982e-01
7.815995964712740829e-02
1.584937281474552151e-01
6.380043529281564929e-02
6.499161927048149323e-01
2.687140825268059530e-01
4.830566993330869252e-01
5.800170042471464171e-02
8.849161966298524362e-02
6.175574592438692889e-02
2.348717289136459385e-01
7.821899243496943654e-02
2.593201156348712288e-02
1.379289731881279124e-01
1.374719979599632325e-01
9.915052889711972739e-02
8.518975598583011788e-02
2.150388772446873986e-01
1.002532639816493543e-01
1.871932483950260462e-01
2.733442781776389552e-01
1.569733958745089808e-01
5.964766895998607765e-02
1.747985552799349307e-01
8.178572930131977614e-02
1.678481806046789870e-01
1.250768293475594817e-01
1.435678037364773729e-01
8.971552523563630643e-02
3.237397684336578152e-01
1.292453133301023627e-01
6.803141366859577488e-01
1.012570118316666878e-01
1.036210736177807235e-01
1.486358884882008624e-01
1.380053643183529744e-01
3.360029249373397420e-02
6.468009903214877454e-02
2.032706929106602445e-01
1.132798128796856929e-01
6.295202857983284161e-02
4.209803510846299446e-02
4.918309553185267191e-01
1.592326621347730509e-01
2.172634727951461286e-02
2.857583900816713651e-01
1.259155104479958709e-01
1.743418895878825481e-01
9.906351328507767562e-02
1.074452044097427006e-01
1.799924388517162299e-01
2.381900426001841709e-01
1.592927843678673128e-01
3.199950415995154174e-01
1.230268508406702210e-01
2.347869266421511725e-01
1.953287105960228587e-01
1.634871123347458877e-01
1.373890683344178854e-01
1.682135492920018294e-01
2.770335146893252443e-01
1.586843756002593864e-01
2.778880639114085227e-01
2.253271383593222765e-01
1.267523900254339253e-01
1.755112259008733133e-01
2.315432714525087476e-01
1.996082308792068716e-01
1.054030420006739632e-01
1.205574617880422750e-01
6.756380687169638577e-02
9.992175595241903352e-02
4.826491022243928342e-02
7.821456815553062825e-02
2.533246255592978002e-01
9.048632824028146615e-02
1.468722663229087289e-01
2.198468251580969479e-01
1.433559062908678072e-01
2.431672159046094350e-01
2.170798359348182771e-01
1.320254438777759276e-01
2.902232649846929746e-01
4.238282646004307708e-01
8.479777901905549697e-02
8.485274762481864741e-02
6.551822586132871606e-02
3.108581212453032094e-02
1.231244394676345166e-01
2.621912094373364255e-01
1.622690735921885619e-01
7.450260615595638569e-02
1.490818694109954379e-01
8.612655233304167268e-02
2.524849105466167032e-01
2.313763528660786051e-01
1.579491064336480122e-01
3.958357232342208931e-01
4.127275154812508617e-01
8.070946213564411664e-02
1.128544551793702055e-01
8.956302589333731135e-02
1.420056396448430291e-01
1.697092884539017632e-01
4.270749779414586556e-01
8.839993579291416381e-02
1.629410184173671894e-01
5.310213297869772475e-01
2.315739237006155804e-01
3.897435042009078643e-02
3.382817352898825902e-02
3.546119780487444473e-02
6.244489231457706069e-02
6.718849266011162058e-02
1.731188050921090849e-01
5.003707100948062703e-02
1.687683674149447199e-01
6.856987763032762473e-02
1.541641037174414919e-01
3.929806346033721809e-01
1.374381814304967975e-01
2.491598845411147067e-02
1.212156670620565535e-01
2.253977533361819496e-01
1.348630828041130769e-01
5.729165385545442746e-02
2.827949561272262713e-01
1.273560807668623340e-01
2.080658269986948028e-01
3.165506679449556771e-01
1.871490391900536565e-01
2.631828927930968121e-02
8.599687038530845484e-02
1.274200210032603309e-01
7.091464240165379351e-02
3.559707820903312836e-02
1.591836236482322420e-01
6.471228781338922431e-02
2.580460749632926820e-01
3.948208029621973481e-01
7.817100390011688660e-02
6.399952034282208047e-02
6.009804930792483901e-02
1.249491528472894686e-01
3.005250955117162448e-01
3.010908788398047875e-01
2.067546987789299351e-01
1.538042270871926576e-01
1.577888322490785811e-01
9.090817441220266915e-02
1.590438871036319313e-01
1.042699665296034084e-01
1.666502815573629448e-01
5.036603239282655409e-02
1.887021868259459723e-01
2.862985819290386758e-01
7.914326206662281038e-02
1.249505212059460746e-01
1.262109682385137432e-01
4.659267236596775774e-01
1.607888641519323869e-01
5.566063183796288172e-02
2.205424869372798469e-01
2.312309255649225292e-01
4.172350081654840892e-02
2.523130057485474254e-01
9.687162575583485591e-02
1.412357792204588236e-01
1.649482870113452293e-01
6.249531814791708939e-02
1.297428192339502573e-01
4.688335817184459131e-01
1.375799589645261278e-01
1.805340613531711824e-01
8.415603857822162581e-02
1.585658018342286368e-01
5.424929604179951070e-02
1.444932967809720026e-01
1.639336469030538979e-01
7.933119786964581976e-02
1.013401551988906135e-01
1.029943231253582780e-01
2.082027303805027429e-01
7.260109420647609113e-02
1.628461805117531469e-01
6.385030380261724758e-02
2.637574634656409955e-01
1.224818879991076415e-01
3.216225121486786520e-01
1.668480228145590161e-01
3.930708362588219984e-02
9.100981058156065728e-02
1.148093669445948706e-01
4.333167777090096706e-02
4.820768522317564475e-02
9.212933493640917959e-02
9.815811696400089659e-02
1.837428407092254190e-01
1.386262720247444236e-01
7.447376420137175046e-02
4.138983180062787426e-01
1.035100515491365059e-01
1.881548333448499477e-01
8.860318587458237971e-02
1.347145271725587179e-01
2.645094372515934822e-01
3.587083265245567532e-01
7.253838052914929335e-02
1.667928355599528345e-01
2.198426696437110195e-01
2.261695605018303468e-01
5.801055161935764204e-02
4.146646266925202440e-02
1.049871612257540221e-01
1.735354789760741312e-01
2.919286843400072939e-01
1.704132070660513421e-01
9.596602477256865882e-02
2.705348253615511567e-01
5.123995354214834208e-01
2.817475827832218727e-01
4.322418065096300666e-02
2.069815595969615174e-01
4.846701693518440379e-02
2.708241118705210226e-01
1.173826854421307075e-01
3.771505933227814467e-02
2.017602942372533903e-01
8.608873276204676017e-02
1.511479841331997420e-01
1.211241249433889777e-01
9.963027229079912672e-02
3.662067249508282885e-01
1.260516461203948779e-01
4.351604125403696344e-02
1.036826207468060090e-01
3.157772864330574691e-01
2.071089867669968498e-01
2.401575631237271580e-01
1.430920743981616283e-01
3.381818448589477555e-01
1.605197544768088846e-01
3.269655937670989942e-02
1.054373507824877265e-01
9.743992433724102398e-02
5.186804904652220216e-02
1.601234494187657731e-01
1.907980280049734745e-01
1.636871176645549042e-01
8.210323943200492636e-02
1.798202189565429876e-01
8.785949140897741927e-02
2.138425323044934601e-01
1.353733912921661897e-01
1.509481328198098993e-01
8.539713729511078100e-02
5.401464851168213954e-02
1.717173539110383729e-01
2.376106702563873796e-02
1.118371403463100933e-01
4.178797486315133369e-02
6.802602652607347977e-02
4.880148920225479969e-02
7.933929079346668800e-02
9.164408172048865708e-02
9.182323553358529011e-02
8.455577097417332766e-02
1.513456744532710729e-01
7.317941353617740674e-02
1.599006575798860297e-01
5.335720941904398273e-02
8.155911768049506350e-02
9.497041429108321609e-02
1.694279351360279406e-01
9.036454646711788996e-02
2.695643080566263450e-01
1.241604330904451103e-01
1.123842399827417182e-01
2.427618788211773904e-01
1.533565173503390611e-01
1.484476644058219108e-01
3.067544981930687698e-01
1.468567816004835436e-01
2.366738495362952222e-01
3.186047976623846978e-01
1.843237115316647134e-01
2.091452422064676853e-02
8.711726013439147209e-02
1.918653371582621503e-01
1.811890973899004109e-01
4.521401740616681764e-02
7.064148151058802227e-02
1.409069285075190692e-01
2.821605432698461868e-01
1.816898836097102787e-01
3.971460455139208534e-02
8.881935545198516024e-02
9.525382024235895528e-02
4.201124972644194600e-01
1.282072371321802962e-01
1.403757785434187610e-01
2.509397294477899720e-01
3.469867773470696193e-01
1.094906902362495771e-01
1.614525131306621120e-01
8.098475316358744180e-02
1.115399759069042318e-01
8.107297827717019345e-02
1.044186144488890022e-01
1.197753807210126809e-01
1.456000236083276889e-01
6.786761558272402795e-02
4.961280456361194524e-02
1.343708050662826281e-01
1.589079842855518621e-01
3.819106517710935123e-02
2.359986792520345489e-01
3.317268722876960396e-01
2.438069007691296974e-01
8.347105772191909523e-02
1.450000300812739340e-01
6.414845723520912202e-02
6.317705217533031714e-02
2.208540403692218490e-01
8.791508797743219361e-02
2.201756343449794429e-01
1.753475596666227432e-01
4.003875746685388037e-01
9.121241702522553396e-02
7.890084540962405413e-02
1.295469578082730777e-01
4.072326696854489114e-02
1.131552804728706008e-01
1.575360852825689051e-01
1.461364438858403503e-01
1.091904750638263977e-01
1.915232918266980278e-01
1.255006667685698574e-01
1.493365737291654227e-01
7.823064703806892339e-02
2.650940446735390310e-01
9.566719943914847590e-02
1.273446811357530351e-01
9.536114276068019535e-02
2.881264439098920604e-01
8.160981301826453205e-02
6.246257260643517384e-02
1.700095834021482233e-01
3.032571432311179649e-01
5.664198673179399179e-02
1.729688108824340986e-01
9.166768520749357663e-02
1.005820698286679971e+00
2.766518828306878675e-01
1.119768796514755138e-01
4.141682996503917025e-01
6.350377508474025490e-02
2.594233279716320340e-01
4.814357082205802385e-01
1.383080189853913566e-02
5.165358611011328094e-02
1.000720747225471996e-01
1.059535668271536224e-01
5.295410993450389014e-02
1.819247610274530302e-01
9.758408886641234403e-02
6.982583682501086741e-02
1.619670766412291130e-01
6.176589229389151114e-02
1.855228956935874862e-01
2.060061506467967263e-01
6.124942995589677253e-02
3.041803887204146406e-01
7.733624505389968817e-02
2.161537863894835709e-01
1.822586174547282667e-01
9.899231241782757706e-02
1.571486624304938573e-01
5.444503436586245471e-02
1.940745376080279527e-01
1.499072618510055577e-01
1.888903503344714352e-01
1.800241840801213300e-01
2.547240428807064916e-01
3.792616150616368031e-02
1.831044304903564068e-01
1.585482374860056609e-01
9.457151413186792865e-02
6.447293183198965494e-02
6.182585068112445015e-02
2.120210065275962563e-01
2.595720283908775627e-01
2.299756340620220385e-01
1.536645114997661210e-01
1.014722620498673678e-01
3.009134503434012231e-01
3.859180110699966804e-01
1.525035276728488043e-01
6.246412180354354859e-02
4.603413155800240020e-02
7.958468900703152826e-02
8.541458631883713792e-02
2.010637974866682498e-01
5.663634019081698057e-02
9.669972488809364108e-02
1.391859350454325295e-01
2.498799409696914609e-01
8.518359308385115014e-02
6.913901973362612807e-02
1.504295791256602399e-01
2.915853182424150702e-01
3.078797785690241540e-01
1.055210777725257287e-01
1.369908334311524811e-01
7.332964587958556990e-02
1.101193194942595710e-01
9.355602173028643165e-02
2.090031981485580559e-01
1.053303170387245302e-01
6.701568764054854910e-02
7.144837245648361090e-02
1.023273538838260777e-01
2.511791045488109830e-01
6.840861313113677511e-02
3.512646107557593211e-01
1.069845633579511457e-01
5.490202034573954393e-02
1.416338133055603521e-01
2.430948162660406808e-01
8.531532377330464101e-02
8.233076362918012592e-02
1.816677908014376897e-01
1.203033480620590012e-01
2.245688519281685558e-02
1.900077340105248425e-01
7.379666704476051109e-02
2.073308680418755046e-01
1.206570436160987470e-01
7.257453456995932584e-02
1.229808623741277529e-01
1.038375470642165510e-01
8.582415475901683521e-02
2.923932285403907372e-02
1.091145850355488278e-01
1.821429770492031253e-01
1.217081131514312631e-01
1.433904406368071704e-01
1.245325550114912971e-01
5.418000523595445372e-01
9.793891205162452707e-02
1.788732757881668078e-01
7.345845053699306959e-02
2.022907356824212854e-01
9.278037139262096389e-02
1.630324386045600704e-01
9.543783690651608254e-02
2.154325782416357526e-01
1.167821047688946123e-01
1.645507968672355048e-01
1.033203071845605336e-01
3.705476654401529402e-01
4.757066511227847627e-02
7.714811690884459949e-02
1.287323659153223332e-01
2.030219711002381189e-01
7.678466920886606317e-02
7.657753998752880875e-02
6.191534823555358003e-01
1.324507143296074219e-01
2.636823789061644163e-01
3.689283101933682474e-02
8.454575218292603722e-02
5.901629808233721519e-02
4.059444245209355984e-01
9.822488072930823932e-02
6.537018929179438942e-02
2.423773325854199356e-01
1.635293091973721857e-01
1.070994449778446267e-01
1.101544872161319688e-01
1.941798290615430744e-01
1.306833088417533872e-01
