1.885167936289633417e-02
1.605382291125678762e-02
8.846932670405927013e-02
1.417504560544387004e-01
1.438896392260406998e-01
1.966864959481995356e-01
2.172928759849526159e-01
1.175596036961277235e-01
1.497098161524945681e-01
9.222693318907992932e-02
4.320162964325469090e-02
2.469637608993480171e-02
1.720563827859837858e-01
1.013768466636832954e-01
6.507427934152154592e-02
3.201109404711388606e-02
1.341967272845963066e-01
5.103657080656809342e-02
1.515426114726281526e-02
7.288759071318473559e-02
1.167689176312194377e-01
6.336148119327589256e-03
4.714187514972500992e-02
1.123425496162315795e-01
3.416299696752211901e-02
1.826686770161067841e-02
2.414505111745768318e-02
8.401228951200145900e-02
2.663422267021964274e-02
2.023232763433924219e-01
4.405402221643406335e-02
6.690271094944399977e-02
1.650242183329453383e-02
1.707215615427948308e-02
1.617356621628420754e-01
2.688255015639562373e-02
1.537602066822199021e-01
2.210809927757395599e-02
1.425536162392937456e-02
3.085193997230284424e-02
1.899487210909338586e-01
4.875433733381484558e-02
1.262788696637482388e-01
1.935196436353514571e-02
3.279289876881463783e-02
6.700944026693633759e-03
6.229537767762138856e-02
9.516237987260112163e-02
6.008371536121437373e-02
7.057076292361941228e-02
1.309010846370561865e-02
1.370018368998415781e-03
1.359713631771342079e-03
1.810038407283229844e-01
8.628150694742231508e-02
7.132951213464622242e-02
4.378999828036356234e-03
2.021601734076128309e-02
1.153492688997914684e-01
1.576546009251771352e-01
2.626372665794463046e-03
4.680107254551835183e-02
6.179104994368422865e-02
1.841454554650390207e-02
1.574311506565351237e-02
6.741946007737809055e-03
2.154449191159546473e-01
1.101222545825137900e-01
1.302346096971263023e-02
2.416415341111211035e-02
7.664794425057408489e-03
1.910474372859560788e-02
5.496959444585058918e-03
1.287179888996625721e-02
5.650062908641295678e-02
1.065806313157047214e-02
1.973148482213282762e-02
1.301681776718250916e-01
4.642645505049713961e-02
8.913526768846935511e-02
2.354236589520812828e-01
3.950363958896296879e-02
1.173771795377120952e-02
1.998325997539751597e-02
2.663455915500474447e-01
2.425048414359309845e-03
1.154252721261350700e-02
2.076192430833412317e-01
1.044631170453271807e-01
5.154046831170866483e-02
1.859073469949219515e-01
7.802465472995123719e-03
1.928631248822867406e-01
1.644000053495275893e-02
1.617503324391300623e-01
1.466694078886821018e-01
1.202312739816235876e-02
4.113588610952412239e-02
1.855313965442384472e-02
2.786291968345242509e-01
9.457559070531473822e-03
1.538691639878848605e-01
1.895559274226243929e-02
2.731081116168176948e-02
8.371350808110022967e-03
1.101692364885664688e-01
3.320909312880537811e-02
9.366527729682161407e-03
1.871816569548343523e-01
2.065914356743370206e-02
4.979362489603467168e-02
1.265612602998658076e-01
2.185620646643826603e-02
5.852028421434418703e-02
4.437593973886855281e-02
2.885987960126357166e-02
2.746115822488803815e-02
7.560933789413581962e-02
6.143107713327644603e-02
1.374567577148813058e-01
3.482815699249997010e-02
2.439277849326337844e-02
1.564268876085748161e-01
9.833450201284321679e-02
2.194978539285585839e-02
1.787351064437885384e-01
3.367557975299639850e-02
7.296175485340050670e-02
4.205607546818157516e-02
1.488525710059107610e-02
2.499073961687727774e-01
5.894545098154502227e-02
2.922461651007939309e-01
1.958064383665636399e-02
7.787516434708230406e-02
1.412367600612896013e-02
7.363659011486660688e-01
1.361281005954033674e-01
3.100244196670089991e-01
1.432230795764866116e-02
1.765088717996832202e-02
1.460443672062083920e-02
1.364134561574008586e-01
2.199232436221620901e-02
3.106418349481998575e-03
4.114526819170727379e-02
5.897011238577754000e-02
1.729169445605371891e-02
2.384699476902518711e-02
9.508505565568903251e-02
3.728367600630377865e-02
9.030113758033664340e-02
1.067502630990340151e-01
5.827997666901474361e-02
8.804235286728356868e-03
8.723862576896834753e-02
2.248397124056467078e-02
6.744207466337037715e-02
3.857686549829963951e-02
4.785017729092544414e-02
2.260381163891977963e-02
1.267135185953289778e-01
3.615752307417174904e-02
7.535836703316860508e-01
2.171651141514807648e-02
4.321170121140660569e-02
4.249469044286513508e-02
7.080808932557047797e-02
4.143499005323292295e-03
1.587721084030135899e-02
1.111779118605600303e-01
3.328487108409916573e-02
1.068482492988209742e-02
9.402367134715206021e-03
3.187214083631886297e-01
4.600411026087769528e-02
3.861920532589380173e-03
1.400810067877955589e-01
3.431976149975568546e-02
7.511638493038930164e-02
7.540539915329347309e-02
8.479061811342347710e-02
4.786866091036046100e-02
1.200376651672243611e-01
5.115008113099506204e-02
1.779719033058384525e-01
9.455957722660812692e-02
1.425599432395880939e-01
8.503839563542747726e-02
5.500141608392361547e-02
6.348914470645539154e-02
6.525221432566219448e-02
1.557855580140294904e-01
4.897374118154118605e-02
1.435469553558519351e-01
1.843121505391280834e-01
5.476374738659472996e-02
7.408597125998817035e-02
1.314134024526243394e-01
7.980893702163172065e-02
2.376875110608800412e-02
3.986301796090430116e-02
1.417482527764235556e-02
2.131473379868609186e-02
2.396890988614686080e-02
1.381481775015203084e-02
1.225186233133008784e-01
2.362639901533825082e-02
4.815780983798489956e-02
8.116672835577709577e-02
4.146002774264978541e-02
8.222115511349592509e-02
8.440679884014201662e-02
3.737212242241838567e-02
1.662643827723684353e-01
3.295351184654364829e-01
2.095448685969003577e-02
1.856582784206395331e-02
1.260802101689151300e-02
3.921423467922124928e-03
3.706776929872646065e-02
1.602791752289078886e-01
5.574648283690919470e-02
1.891168428940659396e-02
1.092410346010836975e-01
2.634326609785375695e-02
1.622089127821695342e-01
1.037508832566214068e-01
6.062482407042324439e-02
2.522812207495572778e-01
2.133533729917154176e-01
1.696847925675371016e-02
3.691771704646384933e-02
2.271614231541363438e-02
3.920764045711067070e-02
9.704951526557437091e-02
2.526767645060292722e-01
1.774279538826917246e-02
5.285481883328024821e-02
4.220087503801455142e-01
1.384166785994782600e-01
6.819738606935743519e-03
4.454902457879938993e-03
5.594178147187989225e-03
1.402857475066454640e-02
1.693078298628947209e-02
7.064249084712947990e-02
1.405343514046819564e-02
6.692654641090811651e-02
1.853715800412203407e-02
4.579542911030642927e-02
2.410387678492398322e-01
3.791912527761276408e-02
2.991591316590103133e-03
2.783004110611919657e-02
1.182059064960707673e-01
4.015700202209160352e-02
1.596416976286008094e-02
2.408771120960722101e-01
3.329293186929049853e-02
8.597607698342635274e-02
2.981833658744541538e-01
9.649514122181201969e-02
3.911279770278497381e-03
1.688012229075042114e-02
3.368721239841221404e-02
1.819297713541701000e-02
4.346712036284117175e-03
4.764196016130384237e-02
1.608516953738003963e-02
1.539890853773187018e-01
2.861574984055881288e-01
2.472662660008850821e-02
1.410000857170246036e-02
1.416499130231940740e-02
5.226242216703269605e-02
2.421529838182756578e-01
1.288984674600825997e-01
9.025944046395828479e-02
7.853501899514014895e-02
5.720871293680573899e-02
2.659792975582675467e-02
3.788890329506244825e-02
3.982560978563398635e-02
5.727527143340793714e-02
1.290599179265328189e-02
1.483018832412277277e-01
1.703386610120105615e-01
1.380203195165208285e-02
3.975794425175394053e-02
3.925258152628785524e-02
3.791620275216232017e-01
5.665826851734578895e-02
1.101647867755417565e-02
1.024532266791098323e-01
1.146196682907074660e-01
7.088895871266487347e-03
1.145119657802293744e-01
2.926660454428287039e-02
5.110757796938969477e-02
7.573892492791500786e-02
1.327604977344165604e-02
4.115551418106022652e-02
3.929373976884047437e-01
4.600505237705831973e-02
9.671079151783956718e-02
2.379738809356268803e-02
3.808703082301789777e-02
1.045689787169123974e-02
5.031400783534678567e-02
5.628379161572283351e-02
1.815544183610384721e-02
2.478197217527622342e-02
3.299970128561113825e-02
8.629426295864561780e-02
2.186335269446004759e-02
4.649427815459361568e-02
1.768539681743064307e-02
1.303944552577576133e-01
3.779464056703929487e-02
1.510590648316743057e-01
5.847625481105112044e-02
6.220178518077545959e-03
2.224268382334315675e-02
3.028821075301380006e-02
7.174818681843220247e-03
6.823339671033323839e-03
2.311694180530921017e-02
3.143447791466158492e-02
1.155226734965708602e-01
4.803442147738579138e-02
2.259525942837825596e-02
3.117370375559254114e-01
3.623179540610621530e-02
8.081666435288070716e-02
2.408600971882890462e-02
5.294558811455019054e-02
1.487902546772588153e-01
2.541491898746528477e-01
1.494768377757438316e-02
6.672139030910173574e-02
9.117991825282700802e-02
1.140646792138753085e-01
1.268598511481400237e-02
6.178294761042479877e-03
2.771808945848874828e-02
8.039313097967593080e-02
1.883802800659779564e-01
6.821207573116794265e-02
1.722355955208954015e-02
1.354843066910120797e-01
4.412603149440812444e-01
2.045527267661277904e-01
6.280380805357310692e-03
7.060181937673348784e-02
9.771702885071675837e-03
1.863234450892470306e-01
2.664397357436243396e-02
9.892403437039121172e-03
6.439871937300267746e-02
1.507817235368236197e-02
4.770916554341297910e-02
2.394723637378959324e-02
2.555987335579956721e-02
1.999733175856821532e-01
4.283274806219949937e-02
8.230921420263825894e-03
2.617345095843148783e-02
2.057743919186592052e-01
9.058406835222498898e-02
1.837974807952775791e-01
4.663345051267597796e-02
2.602386749087912676e-01
6.501576966367395016e-02
4.043970747773073526e-03
2.359646100591206164e-02
2.687259252900275897e-02
8.071513739135838250e-03
6.075106072249525369e-02
7.691779744678939323e-02
7.631602233154310966e-02
2.483144070225407063e-02
7.119731127418305050e-02
1.626829652454020447e-02
7.062852764792637572e-02
1.002696528077251514e-01
6.107516571711357756e-02
2.650549729337114968e-02
8.797707017180300682e-03
8.364665037557372784e-02
2.579950549367993062e-03
3.476284059955503380e-02
5.883868747336151728e-03
2.255762735095956373e-02
8.120463726420723560e-03
2.261614114720345015e-02
1.688186661265334010e-02
1.698949298152996334e-02
2.710381656118698857e-02
4.474954108819773069e-02
2.395691604681360332e-02
8.628143263159415710e-02
9.981515441634059016e-03
1.756027674299787122e-02
2.398810055473887815e-02
6.186061135599985050e-02
2.244515380250078351e-02
1.163060034641638651e-01
4.631593145492018948e-02
8.868816670954160486e-02
1.512295688796925219e-01
4.422809154022644407e-02
4.502505969511005901e-02
1.800364661294224788e-01
1.156549633232124563e-01
1.142286320585128578e-01
1.985013270203275226e-01
7.999842567563675289e-02
2.190268375951376356e-03
2.100781693408038109e-02
1.595785170928607499e-01
8.802326051155162645e-02
6.878370131030209222e-03
1.425966766698749666e-02
7.026316403172572223e-02
1.446446376533820910e-01
7.255010503176961834e-02
7.025709437879612551e-03
2.095421940617825385e-02
2.974143756642888548e-02
2.828020944883284926e-01
3.336974460948738397e-02
4.759157104518507708e-02
1.809225395775619916e-01
2.162544683782350319e-01
4.209082814542242090e-02
5.295053351315814893e-02
1.948240791908162350e-02
4.103430190705381619e-02
1.892222646160490740e-02
7.530139262800616962e-02
3.819824640912727887e-02
3.598415985241132375e-02
1.733770886571051051e-02
7.538407817143877310e-03
3.431694093618276042e-02
7.149882323979284138e-02
6.104064607672654574e-03
1.006618190614076980e-01
2.933957548878325383e-01
9.606776056859089863e-02
1.871331570462331229e-02
5.085349076787792910e-02
1.220936482659595868e-02
1.308250570927427248e-02
1.234592119258302034e-01
3.634346804934196484e-02
9.713177817257445668e-02
7.740823770507176960e-02
2.836728325355188929e-01
2.632749953440338686e-02
2.230512771602732869e-02
3.828949241102819201e-02
7.091155063054799257e-03
8.536075448184377024e-02
6.439694435455933785e-02
4.857190190169902166e-02
3.159479060191827671e-02
9.608023260000919663e-02
3.608099807278009052e-02
5.086346859179258217e-02
1.840688147128588525e-02
1.120851467835493054e-01
2.022370480922930369e-02
4.357515147826873658e-02
1.828522243481245368e-02
1.446987225493785445e-01
2.616824602084477647e-02
9.090673716343644628e-03
7.331761581183116050e-02
1.488829401287894427e-01
1.064225667400364728e-02
9.155272189008201167e-02
1.885958663666542634e-02
8.449570679138354024e-01
2.331834797288436789e-01
3.149625742831219100e-02
3.106548659934098566e-01
1.199901341407993982e-02
1.588787952487571431e-01
3.032121332660580038e-01
1.163210405000114633e-03
1.031721746893410341e-02
2.697657022723021214e-02
2.564728602555987891e-02
1.211537071256429954e-02
6.274543291123890754e-02
2.236606825131559617e-02
2.048196233857879633e-02
6.382868930324647749e-02
1.704671401574842093e-02
7.586554508529275154e-02
6.033847414802551157e-02
1.171625297336476024e-02
2.801097917906254509e-01
2.597179182208009252e-02
8.067877128526745878e-02
6.768754249813113688e-02
3.174913598062190090e-02
5.360712931777200652e-02
1.215741282322824190e-02
9.227213271411827122e-02
6.516753741312442116e-02
1.020379448904336073e-01
5.103464295097026593e-02
1.343160288281026737e-01
5.997052117479029221e-03
1.045788326976548888e-01
1.296932672552983945e-01
6.499776359436992834e-02
1.834985290956936410e-02
1.414109408282371305e-02
6.525275891423376606e-02
9.262367943077620680e-02
1.321400103734902132e-01
5.552232409473489838e-02
2.323156777483603719e-02
2.126230529263146707e-01
2.564683552777395903e-01
6.741272870752368362e-02
1.081726928411796962e-02
6.722975858878044164e-03
1.960021797793842779e-02
2.506211897824428547e-02
1.224579082047476675e-01
1.184177251543871989e-02
3.032051240360189581e-02
5.568885276950652496e-02
8.886876952421118858e-02
1.487118226906147811e-02
1.321997961670362542e-02
7.018305932099622169e-02
1.348235092358329723e-01
1.900996712191016513e-01
2.746071602910404863e-02
1.070754653492294040e-01
1.668347805682657281e-02
2.798361664545723215e-02
3.360586275578469895e-02
1.232394797564282385e-01
4.025940761314927840e-02
1.937021416497941573e-02
2.197795819978054510e-02
2.102532208417429160e-02
9.644515041268419964e-02
1.144022889337747984e-02
2.522567896940905996e-01
2.322354617981758906e-02
1.316030248627342303e-02
3.746824117427038914e-02
1.285114613619846580e-01
1.953098125934360496e-02
1.736465241206985866e-02
5.280848694677331423e-02
3.693239493964028952e-02
2.331360427966444604e-03
1.095137066793014924e-01
1.959674475767059221e-02
1.598395801725125409e-01
3.662933460390505047e-02
1.430019640346102960e-02
4.587220594179797217e-02
3.610828531804344266e-02
1.799914608872654753e-02
4.852212129712540900e-03
2.321726904586185469e-02
1.456829222500921617e-01
9.384931813875496687e-02
6.192876786142065271e-02
4.589689381653982991e-02
3.405134875047473031e-01
2.249010064984702240e-02
6.789064260034649578e-02
1.697712841434650954e-02
7.824831997722725418e-02
2.540038923742571342e-02
1.148402390437119891e-01
2.890909701653754382e-02
9.402416473577446254e-02
3.176903875219139195e-02
5.765748756047628376e-02
2.990302646054487923e-02
2.525083765493434385e-01
8.644888614689705264e-03
2.400060684296079216e-02
3.744233585236500517e-02
6.369455662474976521e-02
2.788369705096016560e-02
1.295924218168664765e-02
4.107570677442211604e-01
5.080634531348593441e-02
1.508086739803644605e-01
4.840262460064082006e-03
1.762620573989082118e-02
1.145879922821890773e-02
3.351395480374748104e-01
2.198037735360358624e-02
1.302575945756601072e-02
1.176530650558618163e-01
1.365782109070501349e-01
2.578174635341667909e-02
2.834588650490843520e-02
7.352183231034103983e-02
4.327035001194090569e-02
