8.210447760259853567e-02
8.747176091486608129e-02
6.010024134710079124e-02
6.704513554520374896e-02
7.172818543551429116e-02
9.041402725777913929e-02
7.866452372223875500e-02
8.756146975815326527e-02
1.064408591286962746e-01
6.024579639903748784e-02
9.571899689439788972e-02
7.507456831143954901e-02
1.231434926136287800e-01
7.198644897907513496e-02
6.620964317198740900e-02
1.334696004462543328e-01
6.675458834429193189e-02
7.848295299137575398e-02
5.887789926678266283e-02
7.330110327123406933e-02
7.593237929324914148e-02
1.228061205988986160e-01
5.028089351465325763e-02
1.046070372562830642e-01
8.818058119646465798e-02
1.018733652447494364e-01
7.738510398966624848e-02
9.982938748816039265e-02
9.189176081563488196e-02
1.470239842725185042e-01
8.180779475376809273e-02
1.201775865554530753e-01
7.177427394095658997e-02
9.232818720936464274e-02
5.774197314981677209e-02
5.193441021017974890e-02
5.164842684273196483e-02
8.526148744834216586e-02
6.463830451074414896e-02
8.496792862363378163e-02
8.267736832690175675e-02
8.674583614784836527e-02
9.274509168232114575e-02
7.280340227366366435e-02
1.057627431395182782e-01
1.002236549563164658e-01
8.784007795000547958e-02
7.848240626245939211e-02
9.195886802847041963e-02
1.393658900469070261e-01
5.885062349357284006e-02
5.018098876295695732e-02
1.216688238605030392e-01
7.476229152409175072e-02
5.445551556520911163e-02
9.773119714676070657e-02
7.338433719389669818e-02
7.524409090561690050e-02
9.317088774864501488e-02
6.620045555396103509e-02
1.370808382566011119e-01
6.156882753144543585e-02
7.179975170985741784e-02
7.157758903470323730e-02
3.558034993040237737e-02
8.581855652838399351e-02
5.946597365887029696e-02
5.830182819821061457e-02
5.169012227422342676e-02
7.430280484281936992e-02
6.246744942807680445e-02
4.828545033964459776e-02
5.218309907987972451e-02
9.207476079248166911e-02
6.233462805226608339e-02
6.903097971474636552e-02
8.470478232680989095e-02
6.646094141947145317e-02
1.264342537444171910e-01
8.263036585709215842e-02
6.188353876586560887e-02
1.051404907172042158e-01
5.903374921532744679e-02
9.480960496311752195e-02
8.272551525259785876e-02
9.315136916126576239e-02
8.601406150560464425e-02
9.812348459365693998e-02
7.119286013558934201e-02
1.235736824144737511e-01
7.209183752660663913e-02
8.232710406468157771e-02
8.370624839499285486e-02
7.388162421067789865e-02
8.141652776793506519e-02
5.259341551261798031e-02
8.197812378341495787e-02
8.322570483902680394e-02
6.162394755027378324e-02
6.119066288611918480e-02
7.768534808086613452e-02
5.960557323810533603e-02
6.170394619763541755e-02
5.575058039311642233e-02
1.337057885937582569e-01
8.234796091097251747e-02
7.786902080339785925e-02
7.896540388139783317e-02
8.806462494846911682e-02
8.673203598850776075e-02
6.611595670099035260e-02
7.593388191277838928e-02
6.680873259475816894e-02
8.127112491633781133e-02
8.307792017095749770e-02
7.559304451509518685e-02
1.018078210396993200e-01
8.492116105182034858e-02
8.155869692885531208e-02
9.654056187440929193e-02
5.680261494279292833e-02
5.993482630763580232e-02
7.397900934240908555e-02
7.325452494658790670e-02
1.039342710452402230e-01
7.322597948036602133e-02
8.034877335927959052e-02
1.166641796712717394e-01
1.094367313232389449e-01
8.061994807010819386e-02
1.275905738301261749e-01
7.285904668650999838e-02
6.310094575869484856e-02
8.645114217857496897e-02
6.059669172389803293e-02
9.903205159507777466e-02
5.178099561121385364e-02
6.929783936499234187e-02
8.289842587237217231e-02
6.673860569194545178e-02
8.130956455527282856e-02
6.039354507785077431e-02
9.512004300402310264e-02
7.605333594521823670e-02
8.890431077693961015e-02
6.894721365680567260e-02
8.338965041384582833e-02
7.475509539529312519e-02
7.169017787259690522e-02
6.903282283094469562e-02
6.980443185910445436e-02
6.868424099955561246e-02
8.804224311651509538e-02
5.850289907175465487e-02
8.239976546537519653e-02
7.227657548673960264e-02
5.339362377676692972e-02
1.000185543800675703e-01
1.002442756274923852e-01
8.664668453842594431e-02
6.120645042362227173e-02
6.991135539218618078e-02
9.897823593686183585e-02
7.204520089256050142e-02
7.013169576775979408e-02
7.532345631178927192e-02
7.871740658510972821e-02
7.532463301267000588e-02
8.947259428227738454e-02
6.633868885555926909e-02
8.624024775216199146e-02
6.445370554040152911e-02
1.153478813664605696e-01
1.250723849238291052e-01
6.702768360064226272e-02
1.583486736680193019e-01
8.205265982553910931e-02
9.477226369922675531e-02
5.755644078920596485e-02
7.978770987798355918e-02
9.709524984463158148e-02
6.437404489566489474e-02
7.101697158651987252e-02
7.122746884100905618e-02
1.175343301163458420e-01
7.107073959241105854e-02
5.728759557130302937e-02
6.408494748597348689e-02
5.715697546570197574e-02
8.654910409552485362e-02
7.944647499984824890e-02
9.161318295888065677e-02
6.933531759509747872e-02
6.980871086302542494e-02
8.873407962375878810e-02
8.579931069260382515e-02
8.369314868819444087e-02
4.749050746984551097e-02
8.266775026721617792e-02
7.720963431280836176e-02
6.297796122650822781e-02
8.542033415471905755e-02
8.229654086633075849e-02
7.659801702735080653e-02
5.737872466360727230e-02
8.991724622379848597e-02
7.074205949091094681e-02
2.035009576718920243e-01
5.771133882140944138e-02
7.254467801718078590e-02
6.919508196331847216e-02
8.635075981625917052e-02
6.774837633235719636e-02
1.052727312070160792e-01
5.236377220283117140e-02
1.133565321085612254e-01
7.353062794255293966e-02
1.096723793471703345e-01
7.393523786552691490e-02
6.666887203799731765e-02
1.534700623423717047e-01
9.915009563884424892e-02
1.615494284963965299e-01
6.320188707764273772e-02
5.991941523239319167e-02
1.314400373997877125e-01
7.306785470792220849e-02
7.658463172902330030e-02
5.715810113614239185e-02
8.321973818789629718e-02
1.183463653359808632e-01
1.950227003078630617e-01
1.024709612568877048e-01
9.819880246586265571e-02
6.592991847655227389e-02
8.105562707376634535e-02
4.963378935463680364e-02
6.575076684911351776e-02
1.089280476969314293e-01
1.134759735215347121e-01
3.732892117146491273e-02
5.092983554392915835e-02
9.482013649755316465e-02
1.873546881756098514e-01
5.900252756055479608e-02
1.066140050300639075e-01
1.180109013226235959e-01
9.562824052893859061e-02
9.024555371562925643e-02
6.243611812411842266e-02
6.496027160372008780e-02
6.641969678871362248e-02
1.008390070511744341e-01
8.493257424627742580e-02
6.836585603837974645e-02
5.804157939140708322e-02
8.250842383706569194e-02
9.081887784251208018e-02
6.564951457808732016e-02
1.037133630196827028e-01
6.009268968644576603e-02
7.817272212026793454e-02
7.288188120910987777e-02
6.033930142633536775e-02
6.641164265164078984e-02
8.301172500885201089e-02
6.001385712896478708e-02
5.602659507884766299e-02
7.928582827418395595e-02
9.397835551219202443e-02
7.221484070489481155e-02
6.976417809342549958e-02
8.986976345746100492e-02
7.334601600598489313e-02
8.714203632286654511e-02
6.711110055343283420e-02
7.734139568979614410e-02
7.843098443072094028e-02
8.147840909958148359e-02
5.885488851708231550e-02
7.506321737361076885e-02
8.621560132432648516e-02
6.310389278089800769e-02
9.647647453435936882e-02
8.756857066095946607e-02
6.833437608973369493e-02
6.603709770520893585e-02
8.843899664245569170e-02
7.080054775924793375e-02
5.692239465431470080e-02
5.524562358588624988e-02
7.147612585313467548e-02
8.961001327436690644e-02
1.089848118543308431e-01
1.170649367316833889e-01
1.097825261416929266e-01
6.423978030697341524e-02
8.138611796101358209e-02
6.712795551222683343e-02
7.392349874753989525e-02
8.346679342260898693e-02
6.651579064824275633e-02
8.807250362237439845e-02
7.498186001020812341e-02
9.546750212583177131e-02
7.956777023917993574e-02
4.975782268838599975e-01
7.942121476740027219e-02
7.629309683412088816e-02
6.830575711737907341e-02
9.824106118551867439e-02
5.038724628485624635e-02
8.729927922859204159e-02
4.523255736577169728e-02
9.117039745981614374e-02
6.723138844220244437e-02
1.111649747883518558e-01
8.675510111127593404e-02
1.037883276681768052e-01
6.923568690680426130e-02
6.137613014925591415e-02
8.806845481610992010e-02
8.278250760961824994e-02
6.468408744055054171e-02
9.756223232653127297e-02
7.554844752187861445e-02
7.270111353086861072e-02
8.544615255314269575e-02
6.606607040842504830e-02
7.042454356834326745e-02
6.745666555154983257e-02
7.751553016703027765e-02
9.481003446758862196e-02
7.424954448723752876e-02
7.770545387353777755e-02
1.233689940541964347e-01
6.776473904618995903e-02
6.297667271427798141e-02
6.444706387543419623e-02
7.800960908980414388e-02
8.624049549711187979e-02
7.048673539483374384e-02
7.893242588733428988e-02
9.815622923630229479e-02
7.286638097393804969e-02
9.836636464009984593e-02
7.197687576044131674e-02
6.821732679087588735e-02
7.571776057923784720e-02
6.246933061434134515e-02
7.420515572032471141e-02
8.982375719066126862e-02
6.986727150319893553e-02
5.935719904233849320e-02
8.759457618121757605e-02
9.025953666843378187e-02
9.077103321036616990e-02
8.314659964124970770e-02
5.944765109823535454e-02
8.610437711780960512e-02
1.077091760484663041e-01
7.620950034245055349e-02
9.604881164827006046e-02
6.289784564141243095e-02
8.155895778537924912e-02
9.636897041160708000e-02
8.684760116688394760e-02
9.424862126007838015e-02
7.102921402583461941e-02
7.306481319020718956e-02
6.429223735475275703e-02
7.939208760086557959e-02
6.901897239724164024e-02
8.526156595427636375e-02
7.867355757339211664e-02
7.776657866159197852e-02
7.454472095217212768e-02
1.137233391817673578e-01
6.071161265325386580e-02
9.091330859799739983e-02
5.022692934902863726e-01
7.801978287540123347e-02
7.230453234879874458e-02
5.563790149960787801e-01
7.208124570155050037e-02
1.010747882234070971e-01
8.918849096775005592e-02
6.469297068293045072e-02
7.044744747661013662e-02
7.255075574706992825e-02
8.699650782685708350e-02
6.558780380763096218e-02
5.355918163317952008e-02
5.615307893904386560e-02
7.441679494912278869e-02
1.080645342438195655e-01
7.132535547476237525e-02
6.049881759439657003e-02
7.117698479950007595e-02
5.070798849437352374e-02
7.936694198414429025e-02
8.842755427491511000e-02
6.739673786080757623e-02
7.166922904469785749e-02
8.919022708532153842e-02
5.248577969681278432e-02
5.213205103893159276e-02
6.664741652771866143e-02
8.106146678128922645e-02
6.345196436461364442e-02
8.335595335430667774e-02
5.588749767811407310e-02
9.257485548626576133e-02
6.875675220219434891e-02
9.052728070707871666e-02
1.018110834431027456e-01
6.802192776731175172e-02
5.496909824922013854e-02
1.168147165147530586e-01
8.041467255232959133e-02
5.229625550498084863e-02
7.309350167126282827e-02
6.957534263366937921e-02
5.597240647080781173e-02
8.687072094507186648e-02
1.064451613227781479e-01
6.026185288494545489e-02
8.741221812035249172e-02
7.768686595786533644e-02
6.918563235147701107e-02
9.284461977593494453e-02
5.924263241419325254e-02
9.988077457490973643e-02
7.973447891139429089e-02
1.076890450150607137e-01
8.497031541246613529e-02
8.100297519897026177e-02
6.864670468624112232e-02
9.345737516242280662e-02
7.356054320616678410e-02
7.157484621227538923e-02
1.007571018044295386e-01
8.304309720922375959e-02
8.995584742875095685e-02
1.109175557428621062e-01
8.739412962637160831e-02
7.151275235441190148e-02
7.580254334949998452e-02
7.554787505589999341e-02
9.592300846613710519e-02
7.948960698583107387e-02
8.053145939738826087e-02
7.439042537379236819e-02
1.087705673642460624e-01
4.975495874086455217e-01
7.059030079918926504e-02
7.043979545905187933e-02
7.121081678713636620e-02
6.519034448015759153e-02
6.904477928701169276e-02
9.437390666728973088e-02
4.923174611890352992e-01
7.330718380133305345e-02
7.408996035126236279e-02
8.450996303407265486e-02
6.097026174557740319e-02
6.411728576993525053e-02
1.044324039087669576e-01
7.044933184315027574e-02
1.040674341568426087e-01
9.367750049813849955e-02
1.116135375181954714e-01
6.708012004934005290e-02
8.682920878258570951e-02
4.749305487658510572e-01
8.252379633952600102e-02
8.928915402698578418e-02
9.040198939774413134e-02
6.071750439085121798e-02
7.656829289982880482e-02
7.421568578176973574e-02
6.500934152006010436e-02
7.339474102058929361e-02
8.440787418394890551e-02
5.860564918340571694e-02
8.860760781413290488e-02
8.369988215036272550e-02
5.878627235455269329e-02
7.464708601497349605e-02
8.295499156313823619e-02
6.683222083079343179e-02
7.463047776015585555e-02
7.678020728149803631e-02
8.644167967901594807e-02
6.981128736628150477e-02
7.306802141297907838e-02
1.150980816979654264e-01
6.663430325181707303e-02
8.425186473172985302e-02
9.643091638340806071e-02
1.046193636167842556e-01
9.134564858939597798e-02
7.046761623916353301e-02
6.682797765549963742e-02
7.347412950458576120e-02
7.610077662490155603e-02
8.863377236923497549e-02
7.847865711095280972e-02
8.386342150308223609e-02
6.343381058104924364e-02
5.850648572222993948e-02
7.651505245948442280e-02
8.320681693997755701e-02
5.539868971864336800e-02
1.272939025322870066e-01
8.604476968215024613e-02
8.636919769972095651e-02
4.669667005767976775e-01
1.003287651218691678e-01
8.721182408902450334e-02
4.961472479879134312e-01
1.002506144850912051e-01
7.762680817828027102e-02
8.201960212834791264e-02
8.086512386287481036e-02
6.147570780511202315e-02
9.569127960997292348e-02
1.109473907092777267e-01
7.596017665201415525e-02
1.069498958837087343e-01
1.198847430715943574e-01
5.271859129185507697e-01
5.569553313460176014e-01
7.993942300164391668e-02
1.010062502158675102e-01
7.907459682472506302e-02
1.105001412585373544e-01
6.138062987936621084e-02
9.880412197757237891e-02
