1.526296261312580782e-01
2.097721649679371581e-01
1.513439295833762799e-01
1.788245033802589035e-01
1.664760558507154542e-01
2.055452215205413324e-01
1.663300569110539584e-01
1.925204297631673001e-01
1.797959726456923590e-01
2.653337726360796012e-01
1.570001388850101876e-01
1.784169196946656655e-01
1.633910778774847472e-01
1.698302117474597139e-01
1.636841789521632506e-01
1.770651487605476859e-01
1.659288560294953641e-01
1.856831170809307707e-01
1.773542876534044410e-01
1.788774764494611702e-01
1.586928852555935521e-01
1.841974079714248091e-01
1.643222933202110880e-01
1.814191865158001349e-01
1.979676317436585009e-01
1.838720306858938613e-01
1.656862960812262031e-01
2.046191371319387997e-01
1.676962020866419323e-01
1.666290561665029202e-01
1.871968465484954436e-01
1.712879116097418830e-01
1.723995064435577262e-01
1.730282831027807333e-01
1.753241077016340910e-01
1.724573991900264502e-01
2.051386119202618374e-01
1.578841894697582404e-01
1.817072599599747207e-01
2.202954789475199959e-01
1.783785333615384161e-01
1.830262913011111436e-01
1.630293484683953409e-01
2.306378598630516308e-01
1.679745763642905843e-01
2.087673941350196571e-01
1.684311931751771851e-01
1.813449257074033483e-01
2.459122492524805637e-01
2.159941410327839151e-01
1.686536375496174855e-01
1.534921511585167764e-01
2.021543927511295635e-01
1.725026616496911913e-01
1.905437042683004734e-01
1.840617691986032867e-01
1.626227567468134794e-01
1.874520720942278729e-01
1.674390363858044850e-01
1.599333262088435959e-01
1.623281581200437529e-01
1.712692191581304257e-01
1.756963823390300661e-01
1.830348099671397222e-01
1.765735071730567540e-01
1.712688598891922709e-01
1.771071081628221577e-01
1.601150150910370940e-01
1.770476843092438912e-01
1.779853180255095424e-01
1.606313715267937425e-01
1.719873994501810444e-01
1.851889797652823688e-01
1.973968528854577187e-01
1.793971466660480019e-01
1.818209481346997336e-01
2.646370880028605654e-01
1.744090838554690492e-01
2.140062729371514649e-01
2.292034260298123627e-01
1.631427243966356855e-01
1.819732900495019123e-01
1.765685276455215558e-01
1.832524340151842068e-01
1.749154892669118055e-01
1.743669370092710835e-01
1.666535070166972332e-01
1.860406830351024610e-01
1.634015584802561705e-01
1.701446178923475827e-01
1.931124851084398131e-01
1.755694853187890203e-01
1.702664231515882420e-01
1.722747572677079120e-01
1.493461287440815966e-01
2.025473226647420688e-01
1.739988144629514011e-01
1.731158909181367278e-01
1.834326464331823558e-01
1.580858163278229256e-01
1.975227599690576596e-01
1.917696932723806924e-01
1.754469901498154627e-01
1.647266238063558319e-01
1.689964715292937569e-01
1.762168300964148671e-01
1.751475265309778706e-01
1.807154345006480867e-01
1.727912949028720391e-01
1.751511283240745342e-01
1.722615161381142457e-01
1.605789801944226269e-01
1.993340500167519735e-01
1.693513500363081903e-01
2.194453039650774429e-01
1.803562585789428852e-01
1.889630713962766606e-01
1.679435453627640129e-01
1.621372917379773071e-01
2.087781784430937648e-01
1.797401537756542211e-01
1.776805661032128114e-01
2.004204861573377627e-01
1.629766222473705284e-01
1.749575371990594874e-01
1.726266987971243339e-01
1.713243747335155831e-01
1.652558665477315003e-01
2.098650249708526871e-01
1.742055664227457612e-01
1.609650113226095414e-01
1.717618300766758921e-01
2.441450693155040597e-01
1.799753222501401240e-01
1.722990797595578272e-01
1.864503431225976726e-01
1.728778809631670299e-01
2.166815898935929852e-01
1.943982128700518786e-01
1.696344582680744395e-01
1.653950335962797169e-01
1.744480743710390414e-01
1.718577233756555245e-01
1.850328900674860222e-01
1.720674746194070792e-01
1.613809977873117418e-01
1.766292302437477701e-01
1.641934820098214232e-01
1.878537068775010255e-01
1.958028990427571614e-01
1.768407481006377679e-01
1.733476438727947766e-01
1.752983671887164974e-01
1.570715723367541727e-01
1.823091780497279046e-01
1.756243490477906732e-01
1.776438362119101555e-01
1.695538847369668645e-01
1.594481931656197560e-01
1.653385472115260768e-01
1.663407810387838026e-01
1.829466271068582728e-01
1.585252244375681130e-01
1.728860550102204741e-01
1.677279435978036304e-01
1.598170589297964739e-01
1.559850966317490872e-01
2.167660474323866993e-01
1.825741972336132335e-01
1.685880216542834376e-01
1.716365765418252920e-01
1.721529200997551357e-01
1.725104775294141746e-01
1.690714233915109332e-01
1.685685771525200494e-01
1.714498111877880149e-01
1.729142221363630938e-01
1.712745118901679575e-01
1.687671638474910196e-01
2.371306428211887862e-01
1.769584819529121944e-01
1.739013660192476607e-01
1.811306584257792451e-01
1.677572816743513329e-01
1.672673834220042011e-01
1.976486943288122689e-01
1.726626244292397416e-01
2.080018421710043697e-01
2.237543985309891070e-01
1.681351145762732813e-01
2.092233931415883319e-01
1.727520163434164147e-01
1.666918562947934390e-01
1.812490501421386568e-01
1.833505599378000284e-01
1.531333254487776685e-01
1.667281912630684815e-01
1.818823465085444013e-01
1.795462802380427547e-01
1.749715088446706091e-01
1.613735350597025331e-01
1.721737999442076728e-01
1.863940910674912743e-01
1.798707430713868405e-01
1.613765448604311814e-01
1.879365008749438459e-01
1.849005810265502703e-01
1.870859670123188323e-01
1.859188993459817141e-01
1.709985597094743071e-01
1.735844299717932415e-01
1.699883785063533992e-01
1.705894000506091857e-01
1.951535584519099586e-01
1.556208745010927430e-01
1.790923822387817665e-01
1.665727177936915382e-01
1.757291884851674979e-01
1.754494884424531165e-01
1.677256171591281486e-01
1.742151446531821080e-01
2.137140865655027255e-01
1.703121342857976117e-01
1.678759046081736983e-01
2.189123571259692369e-01
1.658251155913283981e-01
1.922060417847326619e-01
1.677397214156215455e-01
1.798398233060360951e-01
1.672548388717771672e-01
1.748180843735909207e-01
1.861616020451783982e-01
1.640599778147553423e-01
1.971080487915592983e-01
1.744821747667621992e-01
1.699455655721564540e-01
1.796529050035893249e-01
1.655043360166601474e-01
2.246569269983353934e-01
1.865637071869166164e-01
2.132093555628244985e-01
1.666999821171728513e-01
1.888226731800735081e-01
1.715847661005795999e-01
1.914340864506662854e-01
1.664431131541341813e-01
1.716371544558477069e-01
1.799090365948252668e-01
1.907957020078647759e-01
1.705269691689181855e-01
1.718791661119603020e-01
2.026159712898731868e-01
1.673556346502032000e-01
1.705511389030611724e-01
1.699145363498288930e-01
1.842538509955922166e-01
1.754121701095385788e-01
1.635060532667083066e-01
1.690852500321824436e-01
2.042401390785997251e-01
1.713569168472908189e-01
1.750437559764144169e-01
1.730060815865215318e-01
1.893146605698632357e-01
1.716106804235266736e-01
1.728634983042205420e-01
1.734408076194462467e-01
2.096007274495050865e-01
1.802936007953732656e-01
1.723100432178519270e-01
1.784280472631287751e-01
1.707507868106787896e-01
1.667104629221363155e-01
1.743967669916841601e-01
1.797533981276018267e-01
1.764359479360813054e-01
1.760537245216760027e-01
1.766186016301531936e-01
1.932745520859100452e-01
1.844057018737608189e-01
1.917919425355414376e-01
1.750035014583666282e-01
1.790138772594538352e-01
1.778239661999201360e-01
1.662182629761268515e-01
1.714877607874001342e-01
1.801101538682523540e-01
1.694121716625964780e-01
1.808247010095271889e-01
1.717300384958484472e-01
1.687204630917165105e-01
1.706866564614983872e-01
1.712135438676263277e-01
1.710073692979037219e-01
1.733557771253408930e-01
1.707068898999182238e-01
1.807473033758064673e-01
1.752046415672054991e-01
1.741704159970112187e-01
2.181510322448758643e-01
1.758237127833233160e-01
1.791171297748164193e-01
1.805349736125982929e-01
1.744234083050280049e-01
1.794329015461251231e-01
1.675441814884877090e-01
1.863024026146433698e-01
1.813549092443942357e-01
1.725049643221829854e-01
1.703520180297317665e-01
1.680610995003490871e-01
1.715864223802121558e-01
1.771163634073147364e-01
1.766176372584737919e-01
1.733388231915107269e-01
1.771422272997718039e-01
1.651026780607409705e-01
1.639918943197500312e-01
1.826646734980990061e-01
1.727483488041912096e-01
1.789393471960920579e-01
1.737104969373994834e-01
1.728573099106505140e-01
1.607823610429974792e-01
1.694028474407645035e-01
1.781626739159847261e-01
1.726512373530333377e-01
1.794695159057120293e-01
1.742994955845631466e-01
1.730449890381606792e-01
1.746916392746058477e-01
1.783639878783631616e-01
1.733667810140353538e-01
1.714803698890072781e-01
1.698947413370675008e-01
1.758264297940890231e-01
1.716912639359335913e-01
1.801051084419427184e-01
1.756472755748035297e-01
1.770095331767826963e-01
1.724215461516784842e-01
1.723394553457175959e-01
1.784475390671715900e-01
1.742483934587504280e-01
1.765710466517198540e-01
1.737927314211056284e-01
1.669527750411070599e-01
1.722689002834023597e-01
1.704268244844087121e-01
1.790456118785677120e-01
1.768184404819308497e-01
1.775285379877509229e-01
2.106278071715159683e-01
1.687364194218510249e-01
1.760758165580824652e-01
1.815157804554772270e-01
1.724093575355354346e-01
1.772753648005362948e-01
1.688062120657569665e-01
1.798449567908804170e-01
1.837939764232245921e-01
1.808455784326312710e-01
1.750084961691023011e-01
1.599355042606482868e-01
1.757032802500511082e-01
1.770816031869806295e-01
1.724736053898467958e-01
1.681196668638484937e-01
1.670080518140508730e-01
1.693343728487093358e-01
1.874708505723603480e-01
1.793005354144376895e-01
1.825294464901148217e-01
1.791600515092355295e-01
1.718461299893974115e-01
1.713004411716951836e-01
1.798126835212521257e-01
1.774829712024299511e-01
1.640636694286108366e-01
1.786782418754349067e-01
1.753573788643372211e-01
1.768249950894436040e-01
1.758906136824336386e-01
1.681027045128971054e-01
1.742904468365011894e-01
1.746709877285645973e-01
1.749851745017210192e-01
1.748477054134731645e-01
1.858251318801720231e-01
1.828682529241767440e-01
1.771752013290637251e-01
1.882811830857953339e-01
1.943439533889872450e-01
1.911635081059053221e-01
1.756257912017424871e-01
1.777754365598198660e-01
1.730286049347675714e-01
1.752458067785340745e-01
1.715196696004461785e-01
1.815331666419730539e-01
1.821573844462385239e-01
1.749638557208790246e-01
1.685678005821493741e-01
1.734952716286599639e-01
1.776244105635029769e-01
1.803849378317643470e-01
1.791175680394267999e-01
1.765486870346819614e-01
1.748788043232849532e-01
1.691275645864038779e-01
1.730372697393036674e-01
1.815044399231666716e-01
1.818694229162289844e-01
1.901912728745287495e-01
1.718128853527183253e-01
1.681934762959187424e-01
1.714922596049106573e-01
1.763137917528894150e-01
1.776873715966509337e-01
1.775745931829497692e-01
1.756611531207248333e-01
1.755909571530445135e-01
1.718590871492935435e-01
1.879200037301700377e-01
1.802695603491528686e-01
1.761688976364688131e-01
1.643963448529355276e-01
1.693968630749580484e-01
1.736132631248850089e-01
1.690165732912305430e-01
1.818714220209116661e-01
1.957398815034920858e-01
1.907460589580303179e-01
1.760320166270936681e-01
1.674834653046737287e-01
1.787796262369738542e-01
1.692113973821918194e-01
1.712332409453374282e-01
1.925875477422778204e-01
1.708291357472866423e-01
1.753208514803574758e-01
1.729335962707132524e-01
1.701788956700731603e-01
1.682982916601964973e-01
1.696628328053648715e-01
2.010477545147502099e-01
1.773202267978284397e-01
1.731482974089075810e-01
1.704455266181277295e-01
1.655348206417954771e-01
1.751694093170215183e-01
1.812254312134484735e-01
1.781939594418666672e-01
1.760594867106668460e-01
1.741723805710613249e-01
1.727610260321803537e-01
1.794979455127858614e-01
1.730328371516947072e-01
1.711710692189534200e-01
1.810589015929018331e-01
2.146470487415932382e-01
1.878785782473322286e-01
1.971386945133559720e-01
1.710127864231587580e-01
1.734987450878229254e-01
1.834457955513322247e-01
1.696157385574750265e-01
1.704151427849573963e-01
1.713520666162864359e-01
1.747999431052491559e-01
1.727112998762905249e-01
1.717647056554909568e-01
1.720883505507977418e-01
1.729315282752139638e-01
1.712700584980844098e-01
1.746012453314413904e-01
1.728620547265293794e-01
1.794861363823336831e-01
1.783350041870086500e-01
1.749921059689079073e-01
1.717019503841079597e-01
1.744285334645745422e-01
1.826009803208172855e-01
1.739315492088238102e-01
1.739274255222866827e-01
1.805033113709306747e-01
1.773110714078676153e-01
1.721787864125410294e-01
1.736983016751310060e-01
1.873044683022833112e-01
1.705115849302138997e-01
1.745390682124750015e-01
1.705976526565144979e-01
1.705780399715060014e-01
1.887643891145955877e-01
1.723312544393316159e-01
1.748084295657825749e-01
1.734076878901120722e-01
1.707360244489812828e-01
1.743474431435316774e-01
1.761867784445385610e-01
1.679584836481389232e-01
1.670441274838054824e-01
1.711754371626135196e-01
1.744823157436812266e-01
1.733890228172363379e-01
