3.679510036395328143e-03
6.979923731307735579e-03
4.020618776126028138e-03
5.588890890082964802e-03
5.451631276500279455e-03
5.950598039035526199e-03
4.899769270583220759e-03
7.128132845112489235e-03
5.545907250287029910e-03
1.384371761743707907e-02
3.380677874059045962e-03
4.920332310103248119e-03
4.098140662911475829e-03
4.736472952473036457e-03
4.640844065994187417e-03
4.439477330347330053e-03
3.862424665806329926e-03
6.709071552888801193e-03
5.523106161801294434e-03
5.295376538766660701e-03
4.571441563205880243e-03
6.095347762958169824e-03
4.337243333068840911e-03
5.784751890089978588e-03
7.734592446546173505e-03
5.906799421858011101e-03
4.457334897985276712e-03
5.280151581175118736e-03
5.070374237988062305e-03
3.962048800936202042e-03
6.155189750627343415e-03
5.126379579696305200e-03
5.059275006475516534e-03
4.779315396953975892e-03
5.498166435295104293e-03
5.088959361541967041e-03
4.851172827137872900e-03
3.659536330275159344e-03
3.229025816821717854e-03
5.418748948692098111e-03
4.759373221281393285e-03
5.850282599103806547e-03
3.821035838731390299e-03
6.913574697296809290e-03
3.939508325313312298e-03
6.715071884189072193e-03
3.859270702859518565e-03
5.063783616206407601e-03
9.800327451436885440e-03
6.193623866472819373e-03
4.265422128272078339e-03
3.779748134535410031e-03
7.355278344505222776e-03
3.201510713862987245e-03
6.461864161421360109e-03
6.551106371523118810e-03
4.411956355795609852e-03
5.601865996872845699e-03
4.709978680725868116e-03
4.296304686107532689e-03
4.449572931413570132e-03
4.748806249466497320e-03
4.657428805623808898e-03
5.225928752016884005e-03
5.917909343970961800e-03
4.666749681094373159e-03
5.091176013175768844e-03
4.039143527313271420e-03
4.703937701659555159e-03
5.609555228188511933e-03
4.043885711128680782e-03
4.596113532549850333e-03
5.725364756422379742e-03
4.951705371988524007e-03
5.308958694309140469e-03
5.654152783609589505e-03
1.074288695576619546e-02
4.430866189270687983e-03
5.567924899612108902e-03
6.862815901783392292e-03
4.108541077142646714e-03
5.898463317366875458e-03
4.974815821896072521e-03
5.234359976995506258e-03
4.801979210311557722e-03
4.651586842571830971e-03
4.632104789523694421e-03
5.818898212149647975e-03
4.109474217756314829e-03
4.290864543243344542e-03
7.059731939618174579e-03
5.007096665103460964e-03
5.089372834168770510e-03
4.811778621141016288e-03
4.184168746343530643e-03
5.079347139123058241e-03
5.081023694051722828e-03
4.842306569516452441e-03
5.939891836494126665e-03
4.650906490757833467e-03
4.124496466387128635e-03
4.269156049371503059e-03
5.090121136849035111e-03
4.632850233070584522e-03
4.568265198363619106e-03
5.031511824997281224e-03
4.801529492327816229e-03
5.124131966425693463e-03
5.186555130542558345e-03
5.541654727583278373e-03
5.241484121302875110e-03
4.211163511889992606e-03
6.632348990596170779e-03
4.453061108197431395e-03
5.787993124416246360e-03
5.404079042861553717e-03
6.127965075338082102e-03
5.176606279629680785e-03
3.829011950765348615e-03
5.672708663867709333e-03
5.659094036913003833e-03
5.201852256893957360e-03
4.834421418925316516e-03
4.183564926091065672e-03
5.251525240645094073e-03
4.710885626270311377e-03
4.379172246951057446e-03
4.047450729196100383e-03
5.384296281588873967e-03
4.824026884456600328e-03
4.384659760830800224e-03
5.063363539228760146e-03
7.728251241793770987e-03
3.435769953474832050e-03
4.774834391337634543e-03
5.158330063336435956e-03
4.145493777890862930e-03
6.475729818467002019e-03
6.730290169302932668e-03
4.403860193148645408e-03
3.983914066296279088e-03
4.416464088116356379e-03
4.781881208314686660e-03
5.854635484309866911e-03
5.255841924325821424e-03
4.119423208974737349e-03
5.276298696427872414e-03
4.735407684453463162e-03
5.847376273548476888e-03
3.994460535134081169e-03
4.969790273261054381e-03
4.546919189282405682e-03
5.628692492654963075e-03
3.664516922924576647e-03
5.445039660280315275e-03
5.659555766690971268e-03
5.107393225664225156e-03
4.515489092185021036e-03
3.832755873437676541e-03
4.103735045170253670e-03
4.574798201520735574e-03
6.255449707674998194e-03
4.197722273751480770e-03
4.772255823489501836e-03
4.963479246837820824e-03
4.269205753454130559e-03
3.871250440960594119e-03
6.088254146774829678e-03
5.520493779021862224e-03
4.474321534278402623e-03
4.802426464614484303e-03
4.890214396420233811e-03
4.977129763586773947e-03
4.167100354326436218e-03
4.511179153460886937e-03
4.960931599118367785e-03
5.174064347384543794e-03
4.334443167541834896e-03
4.479412098584489854e-03
8.227067547455391150e-03
5.218657890443623160e-03
5.076301902748880934e-03
5.363480644859919266e-03
4.416267115775696084e-03
4.522503978268588298e-03
4.127545725442161029e-03
4.858339807167766367e-03
5.078073417497108721e-03
7.154938559702728185e-03
4.420623290904757141e-03
5.407173041138690905e-03
5.050502657226729752e-03
4.691159553694035367e-03
5.580454022968694971e-03
5.590078428777900399e-03
3.276505089747416832e-03
4.593033716609795647e-03
5.453270898858164628e-03
5.179516583680765507e-03
4.654216699051971773e-03
4.402010585394577902e-03
5.013531259727699307e-03
5.711970260094290097e-03
5.419792682744173362e-03
4.238840020676093445e-03
5.573008711781568536e-03
5.546836901803686715e-03
3.861869761273339918e-03
5.726911461668038328e-03
4.652910616218974837e-03
4.468135103671500019e-03
4.470090053821706988e-03
4.693620029385670023e-03
6.325178876100068237e-03
3.637399733307233873e-03
5.661986053727474655e-03
3.539889869074386297e-03
5.032097586799011424e-03
4.784508251230334963e-03
4.472224104741684414e-03
5.173585712100248202e-03
6.249792458401515205e-03
4.625503176022505158e-03
4.621406699449437383e-03
6.436730430142034720e-03
4.683878171398703216e-03
4.455973771865018307e-03
4.394614813030273126e-03
4.956014543161302299e-03
4.274955352510545481e-03
4.979503475802005141e-03
5.902139135855577479e-03
3.934596842668725003e-03
4.069568095872000413e-03
4.759219707480610850e-03
4.343702009563799038e-03
5.344460176555543285e-03
4.472483301459106997e-03
6.784365047799667536e-03
5.813452255249984546e-03
5.261877280464233309e-03
4.256739258249098157e-03
5.590941418255113149e-03
4.635142176116602286e-03
5.753293937633685573e-03
4.253816048809255790e-03
4.821370458280682669e-03
5.522933718221878507e-03
6.283378594471145107e-03
4.847509290009099914e-03
4.727603503816624197e-03
4.857976134616137642e-03
4.676336819784410181e-03
4.801877015822242356e-03
4.565104699807420729e-03
5.537718898985133364e-03
5.167343356863085546e-03
4.182013198636980178e-03
4.368153296319121637e-03
4.441602986439363576e-03
4.854067130182215806e-03
4.695208172975640082e-03
4.849797349546491887e-03
4.253362659611070740e-03
4.795697517355534956e-03
4.778305249846681590e-03
4.626140442958615040e-03
5.290265790701909054e-03
5.268095030004360524e-03
4.561344551010648729e-03
5.306277044137885923e-03
4.565618837961693544e-03
4.364316046117977521e-03
4.658909372736275145e-03
5.194928314768532118e-03
5.334816062905645140e-03
5.232680544999368522e-03
4.930355595831770188e-03
6.356269781811363373e-03
6.043015498832460253e-03
5.939414553200350610e-03
4.930896317972610632e-03
5.187637890855967271e-03
5.256275353126227401e-03
4.182261924896124583e-03
4.880881911795142969e-03
5.350314609820827627e-03
4.369993121613902076e-03
5.509602463597218502e-03
4.774806779035856152e-03
4.433079899524017264e-03
4.681225546331546639e-03
4.547035144611299984e-03
4.770435094858527236e-03
5.035691170579781328e-03
4.641245965334661605e-03
5.418400591466365768e-03
5.225284271961783134e-03
5.006165215267088797e-03
5.856974870063424987e-03
4.798660844180346885e-03
5.086129518218740486e-03
5.273337766642072211e-03
5.012362317774687881e-03
5.136518265782541448e-03
4.441228361397264734e-03
5.934706711126835899e-03
5.403620205555625944e-03
4.796276592529125082e-03
4.661407554355179172e-03
4.532127484520032112e-03
4.772094156962225497e-03
5.180958299281002155e-03
5.070834702646465075e-03
4.920610365843458567e-03
4.936607436452078446e-03
4.141419535720558542e-03
4.206975400954604538e-03
5.832438203785983433e-03
4.523301217055575307e-03
4.983464844688256790e-03
4.493312813650618409e-03
4.618717067682354127e-03
4.106624910505729531e-03
4.883844055751040969e-03
5.513845662520111546e-03
4.929347653060744960e-03
5.221122441692926941e-03
4.941956498086597094e-03
4.634425362198157927e-03
4.500221728648057251e-03
4.728226869957552481e-03
4.680516687546543153e-03
4.856454189503978114e-03
4.453211248186761395e-03
5.077355539949479635e-03
4.452051290542158313e-03
4.948894982483409422e-03
4.805295381355989548e-03
5.124402629252955421e-03
4.405076495586968122e-03
5.068329324032561090e-03
4.993026955954604773e-03
5.051353769808031302e-03
5.280653655805878088e-03
4.497581976036002516e-03
4.271746236142348607e-03
4.850273667848625792e-03
4.529766746024677104e-03
5.895770607086348036e-03
4.798526375651590570e-03
5.517455574736374047e-03
5.152772084102252848e-03
4.661456376567230109e-03
5.150092656826643633e-03
4.867060864441441481e-03
4.461427954488783598e-03
4.892821608407871281e-03
4.461109071677071825e-03
5.321548258795161246e-03
5.456336108906612026e-03
5.480904154186561072e-03
5.093174437647007835e-03
3.835023398423231811e-03
5.048002425816378036e-03
4.823529376029256355e-03
4.522944593794875345e-03
4.243955460140114155e-03
4.419339379783338018e-03
4.688782970468707845e-03
5.872829709115734431e-03
5.043236552342733603e-03
5.628371082110561474e-03
5.196635797762638731e-03
4.858261902882077266e-03
4.658831091695958548e-03
5.082167522392211367e-03
5.246699789246633827e-03
4.334191821687483070e-03
4.938816241491394976e-03
5.050477589001900469e-03
5.114988918240470639e-03
5.130544643463963439e-03
4.152309731026093687e-03
4.676834391460715779e-03
4.744309193238649414e-03
5.003275642199156437e-03
4.765767858621927644e-03
5.466139753025345271e-03
5.431758695294774952e-03
4.725240322553503347e-03
5.977029021430269040e-03
6.332204113959960523e-03
6.334981939936312756e-03
4.844191033232192467e-03
5.186272004731762308e-03
4.791904213199416063e-03
4.851623585832243180e-03
4.424999681404528928e-03
5.159260974213708550e-03
5.596297825388063529e-03
4.802547509260790548e-03
4.351908676081706062e-03
4.969426127615861333e-03
5.051986483422865604e-03
5.438962482578801882e-03
5.329349147920936502e-03
4.921328992246287726e-03
4.733342439322996142e-03
4.612812473546057390e-03
4.852311516525986690e-03
5.587645752367365048e-03
5.447924838566819972e-03
6.130005580939013043e-03
4.744689952794090004e-03
4.519451090171600072e-03
4.599435946225582938e-03
4.853258827342443738e-03
4.989216065016677248e-03
5.257211786126703146e-03
5.179700807914855432e-03
4.936758548261366286e-03
4.920426329480420691e-03
6.050697791323500496e-03
5.428179835448077029e-03
4.705333415888190984e-03
4.370310023510626252e-03
4.559228479632082554e-03
4.658178892888997780e-03
4.333851858078219266e-03
5.397015329553056517e-03
6.578444536085470418e-03
6.167589465764677925e-03
4.819990333118084891e-03
4.577897004086395327e-03
5.314932556952811638e-03
4.338112174739450211e-03
4.395640619666352222e-03
6.303544805842165033e-03
4.582715564026784705e-03
4.788799150954758943e-03
4.851425330485881204e-03
4.609204488566831515e-03
4.400994888595022303e-03
4.401660669984153174e-03
7.038340138528553780e-03
5.164464689741521397e-03
4.628140195148233715e-03
4.344794095821669089e-03
3.893609911628459486e-03
4.936050623975063445e-03
5.169647845665537034e-03
5.112830998285744499e-03
5.036119514599590730e-03
4.677404151625097484e-03
4.551389408334216569e-03
5.266565985611038059e-03
4.687360952132735292e-03
4.615978664897824046e-03
5.239898643068841011e-03
5.796104978678329189e-03
5.830051422552884333e-03
6.266053739370391895e-03
4.537709600217709749e-03
4.918619410968716466e-03
5.261341749573489324e-03
4.823332863807650028e-03
4.325973128576521276e-03
4.826682141821692085e-03
5.120187182679813986e-03
4.834303600830480718e-03
4.676743769159941166e-03
4.840555410133617897e-03
4.787103342131615591e-03
4.696903011929265404e-03
4.806740472396597852e-03
4.634182914131201869e-03
5.150675160450646217e-03
5.348284737976882752e-03
4.732991996810653745e-03
4.894854853034757980e-03
4.885656654810333066e-03
5.309854422968385279e-03
4.923261312519855437e-03
4.959982613147673192e-03
5.295556528484013370e-03
5.210370902421601613e-03
4.664158719350552929e-03
4.701166267032874657e-03
5.743736410348532218e-03
4.478414091870774882e-03
4.873379700011781779e-03
4.685055499034973536e-03
4.756520902795102756e-03
6.024759366926701887e-03
4.754320054338734280e-03
4.725884610486730253e-03
4.926486694305509673e-03
4.705639563766794708e-03
4.946457127481096450e-03
5.266202044577283914e-03
4.425986631300560248e-03
4.262794019219029451e-03
4.640125971899777824e-03
4.932727464652231220e-03
4.780035329225995611e-03
