2.180904512768044867e-02
3.644759412694220657e-02
2.261487590800115299e-02
2.933582785282595751e-02
2.759612091578134141e-02
3.347486613237649067e-02
2.624264380336427394e-02
3.373134606037453409e-02
2.890562100175131377e-02
5.792706919812218302e-02
2.144543402314980085e-02
2.761857985922588909e-02
2.379669776704318451e-02
2.650982860860295887e-02
2.531210877132927806e-02
2.647513158221492802e-02
2.390395019642710395e-02
3.248014287253653265e-02
2.867450325575759962e-02
2.830524605094097979e-02
2.425172666567831925e-02
3.075395512325229674e-02
2.489254251601558110e-02
2.949777364395878010e-02
3.612393988524154054e-02
3.051845483573778495e-02
2.502136371955288041e-02
3.125100609949527097e-02
2.665145115503264606e-02
2.432928859345651063e-02
3.148332493149652578e-02
2.715969352199110176e-02
2.710047319260056042e-02
2.688643693095826848e-02
2.849254978087145673e-02
2.754271329427737669e-02
3.045913487957108146e-02
2.241259320316757453e-02
2.348552883351118226e-02
3.412188392433890272e-02
2.751281298100494155e-02
3.033065074271235062e-02
2.330835270928588443e-02
3.809891057053249597e-02
2.433849906780949368e-02
3.536610835294240474e-02
2.400130782268306007e-02
2.841443096028584137e-02
4.699827042802340316e-02
3.490831969495289400e-02
2.510572215431494669e-02
2.216280538942783096e-02
3.567483393677406411e-02
2.232844231213348962e-02
3.276520417685091502e-02
3.198058467519260262e-02
2.453921430500471956e-02
3.030134326751721119e-02
2.574646845528860695e-02
2.421054403529510068e-02
2.505824361701058933e-02
2.640713505106262460e-02
2.685162389533601868e-02
2.873085794409746541e-02
2.952598882940549174e-02
2.629046460657846751e-02
2.818509354587206417e-02
2.386770823634165595e-02
2.696647936498663967e-02
2.878681402130212064e-02
2.369416131084989274e-02
2.599753014359507119e-02
3.024650481611246278e-02
2.955444542844531952e-02
2.847228491407705064e-02
2.979747826844558745e-02
5.083284865710879785e-02
2.583587966639200317e-02
3.319223229941670184e-02
3.836368346346930025e-02
2.384559255639473463e-02
3.015647496502182889e-02
2.756617643986203348e-02
2.908917442052327829e-02
2.698655888477219378e-02
2.637046048597113668e-02
2.557226604137241566e-02
3.049356751236587115e-02
2.444076449691579001e-02
2.502111333217982292e-02
3.383854150322918031e-02
2.744431288751059128e-02
2.678376637994261955e-02
2.653136130416910987e-02
2.283722124755271921e-02
3.080698228404088468e-02
2.759357032046594327e-02
2.696356104728181435e-02
3.028651093371692582e-02
2.427473238136812483e-02
2.737190881481055271e-02
2.736946604833434549e-02
2.758277399005137909e-02
2.531756876415158786e-02
2.568408473146988058e-02
2.787195990967106241e-02
2.690410912082441541e-02
2.835180098631795431e-02
2.779313588200693630e-02
2.851220785297670091e-02
2.728308311390037488e-02
2.391592337282233416e-02
3.415971133661344084e-02
2.549357520579320635e-02
3.420197928906176799e-02
2.863296588845187785e-02
3.164702825095133676e-02
2.676640633875848607e-02
2.319580556056166643e-02
3.311645944031837985e-02
2.932951794760896291e-02
2.830746871288880584e-02
2.949801727079304214e-02
2.419056605334546362e-02
2.795199822895710895e-02
2.658351560964433702e-02
2.545463575969009185e-02
2.418872544709316230e-02
3.221652891686233033e-02
2.678735946464527728e-02
2.460447757523454015e-02
2.701538006870762842e-02
4.174267348469129502e-02
2.377305645788396760e-02
2.669886778614838363e-02
2.923069138473977091e-02
2.518898516558820688e-02
3.608385949183912089e-02
3.335174913657468210e-02
2.560857594471599441e-02
2.393345886027020697e-02
2.615074599214395334e-02
2.656781636822813653e-02
3.050831895352601464e-02
2.749538862635958480e-02
2.365825832585954913e-02
2.819336203030786692e-02
2.532153879819531994e-02
3.098329370730112942e-02
2.696227705341414094e-02
2.740496457852614753e-02
2.628229307421747762e-02
2.871659088661715487e-02
2.233616935675541981e-02
2.936367547004792300e-02
2.876098374588309525e-02
2.793381991637389206e-02
2.570717179826331744e-02
2.275395367545840486e-02
2.427791776264243140e-02
2.537492393956242154e-02
3.116736802741826295e-02
2.357987823494056556e-02
2.654308197467614150e-02
2.640796243927567843e-02
2.401312465951122022e-02
2.258979250468939881e-02
3.453310711220325402e-02
2.942987589864998199e-02
2.536533550645003743e-02
2.659046031073941663e-02
2.675569886707762635e-02
2.695129583542055229e-02
2.470232225202906307e-02
2.554113782068867522e-02
2.668529369387684369e-02
2.738149488540031484e-02
2.545506099450989268e-02
2.569446000644148853e-02
4.204501823565109930e-02
2.797936624099151004e-02
2.733503814262405740e-02
2.877148596513379175e-02
2.501165904565283427e-02
2.541234422639604418e-02
2.756619464994969348e-02
2.663135931239324350e-02
3.117634191605489491e-02
3.800849846416198830e-02
2.524188012035466500e-02
3.264320270474740937e-02
2.718519120413631640e-02
2.556045511128601788e-02
2.923070382043135851e-02
2.986030126442784649e-02
2.076908855153547506e-02
2.551729812348568771e-02
2.936832864122251863e-02
2.838994471327538349e-02
2.625966279910585399e-02
2.448307089200341125e-02
2.705317215613334270e-02
3.047896116755666185e-02
2.881703157205706134e-02
2.391169047832164551e-02
3.021535565527955214e-02
2.972559289499088209e-02
2.530620439044994896e-02
3.007108933754309987e-02
2.614056984431201158e-02
2.591312822857716469e-02
2.558841152561797117e-02
2.593695742221413525e-02
3.270188039002519531e-02
2.191174827946795745e-02
2.941279561341758608e-02
2.295178979170486855e-02
2.736324539063161865e-02
2.697044051771513296e-02
2.528252327138602595e-02
2.778329446369909306e-02
3.448227424466665525e-02
2.587602664632981941e-02
2.557432254915426029e-02
3.615703367594491624e-02
2.537275379138392850e-02
2.808937719961335233e-02
2.510275027897534983e-02
2.785990446183816971e-02
2.474999162513569217e-02
2.736615119755470005e-02
3.077473901069893714e-02
2.365801471577100301e-02
2.724652642197611385e-02
2.675166482093516152e-02
2.539250028675610338e-02
2.857533380831256409e-02
2.494312192226644243e-02
3.707998856631888884e-02
3.035433768972239932e-02
3.205781534198237637e-02
2.451673115574237727e-02
3.050963477938140045e-02
2.612991063424274785e-02
3.121501007452209819e-02
2.473195466787458940e-02
2.668219991043940809e-02
2.917846100194054770e-02
3.201136807240345661e-02
2.644293512554085623e-02
2.652626132591962005e-02
3.004872196465058209e-02
2.569680855480882542e-02
2.623279970888603430e-02
2.569767514973264610e-02
2.965770961755254120e-02
2.761826940572476019e-02
2.400991265188068269e-02
2.525072217441959310e-02
2.888814059547328839e-02
2.672789455819213345e-02
2.659927469081679874e-02
2.671591597886191494e-02
2.697429200899392754e-02
2.650552177026810341e-02
2.648408054913531373e-02
2.635283216411465901e-02
3.176027731472430560e-02
2.862103735251153580e-02
2.580123050370985993e-02
2.837452576087784450e-02
2.593109888132971719e-02
2.497103812585521609e-02
2.639480031216123734e-02
2.855363273976863070e-02
2.831301685707288129e-02
2.803107276836414030e-02
2.747166926568311851e-02
3.242980915634419148e-02
3.072655738721508101e-02
3.153847813118204613e-02
2.721142853089730806e-02
2.831822303635078697e-02
2.805696291029136091e-02
2.455220074781294670e-02
2.666290353119649126e-02
2.876727399951306552e-02
2.529764133814182969e-02
2.920857255812947528e-02
2.635859535192963676e-02
2.523991666599201267e-02
2.609869150689192452e-02
2.590116194233615943e-02
2.638708528127509112e-02
2.716527755665509858e-02
2.594597610124083076e-02
2.903127374410630068e-02
2.770486482140199769e-02
2.713306636168155705e-02
3.407390980664004587e-02
2.695542573802356401e-02
2.809279294185884623e-02
2.848670579727041741e-02
2.722026082969009053e-02
2.806156002772297597e-02
2.522125565712229900e-02
3.070221865316113963e-02
2.882630786922035782e-02
2.649523144072674086e-02
2.593707977113268726e-02
2.549579905716470307e-02
2.633115229907190269e-02
2.791708500444656238e-02
2.775450694618442071e-02
2.701182437166238515e-02
2.745155306281787944e-02
2.422055168019099369e-02
2.418339071775221782e-02
3.016410124849855379e-02
2.592477505735502064e-02
2.767354667090415887e-02
2.604480944091136507e-02
2.630174308705335307e-02
2.358092340054085412e-02
2.631272747025903413e-02
2.876173414031057973e-02
2.686212191574099961e-02
2.826687163436858441e-02
2.714660739442820159e-02
2.634944210004874776e-02
2.608882185947081211e-02
2.714407793093087662e-02
2.638183726758924763e-02
2.667844562509813500e-02
2.555972850062460111e-02
2.766317090867786987e-02
2.564436578029116731e-02
2.792720542158733110e-02
2.697596665146662076e-02
2.783617174427277519e-02
2.574702383996907429e-02
2.712347178371388168e-02
2.784688026562776031e-02
2.751758352012245723e-02
2.807344229116637280e-02
2.605844995659012397e-02
2.478829540450178115e-02
2.676313317990164364e-02
2.572666134343037925e-02
2.985992713211160776e-02
2.703719933962389632e-02
2.870871253999496275e-02
3.163499806660752256e-02
2.585874888323402843e-02
2.778351550796287484e-02
2.789915750164340125e-02
2.571235792734327674e-02
2.737061124869910600e-02
2.544094981852040860e-02
2.868668289740483601e-02
2.941447821804743512e-02
2.916856600982242753e-02
2.760789666733032277e-02
2.281152996422619594e-02
2.755777220946598050e-02
2.723464876101999721e-02
2.605337533924512172e-02
2.494212051042055123e-02
2.498635287651040926e-02
2.600355787041763733e-02
3.069943399794183847e-02
2.807653209000093852e-02
2.958893424434450026e-02
2.826639705840960914e-02
2.682206557598121321e-02
2.614121530046986663e-02
2.799105235323295915e-02
2.810318326535465872e-02
2.442418323448336537e-02
2.772328143078439666e-02
2.754388736006063709e-02
2.801232934069730618e-02
2.773507461104074423e-02
2.461827108169245548e-02
2.642695371745773514e-02
2.671580482579827276e-02
2.735539425236055422e-02
2.683430406245079780e-02
2.962701195615125016e-02
2.912868280498415174e-02
2.712290007812256931e-02
3.099941478447831855e-02
3.274448792587136836e-02
3.243368562156945245e-02
2.695919136355939827e-02
2.808306162231843928e-02
2.665788394955370677e-02
2.703062968003777655e-02
2.564662235889514363e-02
2.844463940530062018e-02
2.934760472106034968e-02
2.698191818945971931e-02
2.523246604826567818e-02
2.708746531786232481e-02
2.779061906990065722e-02
2.900809919320224139e-02
2.850105644246525571e-02
2.737931033298579564e-02
2.672774598260829748e-02
2.575824607148291534e-02
2.682742646627644945e-02
2.949506426353210031e-02
2.919181814384330664e-02
3.158516359588148248e-02
2.643056709325364295e-02
2.543880090805927807e-02
2.606727823328469640e-02
2.718308780863054608e-02
2.765980042794780047e-02
2.819086778515611513e-02
2.788074970757392634e-02
2.725271580549915029e-02
2.671727855062755452e-02
3.117466664345869276e-02
2.894497367988435599e-02
2.666948627653198400e-02
2.466291107779738923e-02
2.586148366640017571e-02
2.652898649211010706e-02
2.508626557467508178e-02
2.891344074485147075e-02
3.337523199739678148e-02
3.192114196504292067e-02
2.714758478458279001e-02
2.551391607067188261e-02
2.842475028896629397e-02
2.519407401505802113e-02
2.569076602658526554e-02
3.253359014836476604e-02
2.594174987906328056e-02
2.698172603504644940e-02
2.675660051628980796e-02
2.582307561752728020e-02
2.517120410908901817e-02
2.531267635347944633e-02
3.491068318346535193e-02
2.802586485729108290e-02
2.621892597911923417e-02
2.535808543152384686e-02
2.376617918093515414e-02
2.725495838125624459e-02
2.848847352648675724e-02
2.805378518537793298e-02
2.757538889699873152e-02
2.659544343202213668e-02
2.602135398585758708e-02
2.849644905426629293e-02
2.643615023734469105e-02
2.600616377978681726e-02
2.851175076036582823e-02
3.380521147911608182e-02
3.086667875887627588e-02
3.293432557445186148e-02
2.572377456064245393e-02
2.703772773687163067e-02
2.892251134230505727e-02
2.618152157106834466e-02
2.524179155845729383e-02
2.661249606134319379e-02
2.745062683079524390e-02
2.661930776171672619e-02
2.623562755686847936e-02
2.681520054622410498e-02
2.663976792175049013e-02
2.625813246936203882e-02
2.681861245523720072e-02
2.626375363675137464e-02
2.824436843493671745e-02
2.848417246758216947e-02
2.672510202365430132e-02
2.674420728967064065e-02
2.705795070949790215e-02
2.891249117508110089e-02
2.707275924715446536e-02
2.719430074752793303e-02
2.853524591986911219e-02
2.792801068979855472e-02
2.631745734049317775e-02
2.653443994862314526e-02
3.042649351338511110e-02
2.558843152421275136e-02
2.712406085610297168e-02
2.619417563728987375e-02
2.619327203359134160e-02
3.114474386918431037e-02
2.645242411426451667e-02
2.682479702863815874e-02
2.699493003730069063e-02
2.617062906723433002e-02
2.714864983479969851e-02
2.804013277112815672e-02
2.520491039931371802e-02
2.485143139556456049e-02
2.603083067259248651e-02
2.708859598747892505e-02
2.669523903814052801e-02
