1.748976202860674789e-02
1.543244149296896239e-02
1.827738345518881147e-02
2.017209419110699287e-02
4.941997735843628448e-02
6.338173113423550831e-03
2.677542624314810382e-02
5.936591366001664483e-03
2.057903599605737099e-02
5.603678042836079953e-02
3.639527636030592816e-02
1.543002386123504266e-02
1.366998293003618414e-02
1.602142275296003504e-02
9.153058176480044494e-03
1.956456787004512421e-02
2.974523155069874747e-02
1.060192552201399963e-02
2.139167343982606440e-02
5.500458419110287878e-03
1.823310916241638324e-02
2.458015895125242878e-02
8.278659444044933480e-03
3.411973708701054875e-02
7.465924558477610162e-03
6.111852602811396196e-02
2.018520360716991036e-02
2.292890743763820183e-02
8.291551763878857173e-03
1.916171684640843864e-02
1.685464502631006667e-02
7.864077034845706748e-03
3.926924844156332028e-02
1.365951392795494712e-02
1.048498005993536708e-02
3.545231704267237660e-02
1.133318864929577785e-02
7.672951532086358384e-03
1.128678338397293146e-02
1.400261360640087105e-02
1.932414553322914230e-02
1.618240829983363938e-02
2.346150871269969684e-02
1.225106089597005621e-02
1.662599639713846500e-02
5.656761623150430296e-03
3.198467123742432250e-02
2.058201538097037542e-02
2.471419224802673398e-02
1.447948165275647625e-02
5.215811732939457102e-02
2.435053929670871753e-02
1.036413727565133058e-02
2.281419721421684699e-02
1.741811392271586101e-02
1.516570946127515640e-02
7.890332087988838339e-03
1.099755608482766434e-02
2.199052081127916836e-02
5.461652144709105983e-02
8.672471782226409687e-03
8.759847137181253629e-03
1.629656676170654350e-02
8.116865411533780161e-03
4.327085859561563552e-02
9.772577682699790103e-03
2.263161194008844745e-02
1.695643328349660806e-02
7.706355479363935501e-03
9.804533038195728523e-03
3.310547538343655560e-02
1.755917305229459657e-02
9.518621697480966759e-03
4.923373316815471412e-02
5.880644136309243208e-02
6.728081736351754216e-03
3.697274382069082321e-02
1.519654058633079785e-02
1.772102360240879193e-02
1.667333531372605648e-02
3.598955222642175045e-02
3.327152948354239470e-02
1.377654733909849938e-02
1.005504249522459759e-02
9.930980344940110172e-03
4.423565118073824465e-02
8.684622734886460194e-03
2.166331816905042729e-02
1.699150196537146940e-02
1.749282422241549284e-02
1.938079181266871842e-02
1.539978959353405230e-02
3.043292672909458929e-02
1.884229308971185901e-02
3.891816144146531542e-02
2.302814380832884922e-02
6.355902482042097290e-03
1.709051927946347860e-02
1.890837434101655390e-02
6.112808268326830330e-03
1.625358202203841529e-02
1.464866221715510619e-02
5.788177409128536510e-02
2.027298346186867661e-02
3.300719144093378077e-02
1.458924419286944385e-02
1.844881455916080881e-02
7.799946149727787770e-03
1.429806383575993323e-02
2.784189608241760538e-02
1.077649307349659580e-02
1.429305167102512542e-02
1.734795512793496641e-02
9.876123330627706309e-03
8.020488506424783282e-03
1.098236751851899839e-02
7.328454068236567309e-03
2.246599074163668774e-02
1.094641650644945230e-02
1.902494713628755107e-02
4.766321554658148330e-02
1.218757156014049770e-02
2.202800597611442868e-02
2.252446805048791134e-02
5.568695421462876993e-03
3.767380639753170612e-02
1.298407433593240512e-02
4.390441722954108172e-02
7.987852344957246942e-03
1.338964966261357858e-02
7.815302565152393299e-03
1.942381289464378824e-02
1.194992351464918556e-02
1.669825212998077291e-02
2.856612101247790747e-02
3.437910347478378981e-02
1.972465888642460641e-02
1.471806189431035250e-02
1.358385117876892423e-02
6.550557113616406468e-03
1.332524722508665604e-02
1.421007927292095019e-02
3.166976844491387055e-02
6.558758217149573966e-03
8.625151275165165998e-03
5.645088759036198667e-02
2.133825667804245541e-02
2.044168233957677216e-02
7.442902557674102582e-03
1.549489160140282706e-02
3.467685130555864248e-02
2.216672041897993495e-02
2.879285906888640056e-02
6.574849928490777984e-03
1.704957066667134313e-02
1.542976719054678370e-02
1.639955210692889409e-02
2.439720730295391604e-02
1.276794863465369190e-02
1.430108707957344905e-02
1.173321336716171004e-02
2.205472075905134943e-02
2.855629259547498577e-02
3.721959263262064610e-02
3.137732165280127106e-02
1.142241171284652523e-02
2.146255598668389553e-02
1.126200343423278127e-02
1.451906371227451586e-02
1.411560956559654301e-02
2.399869379161501115e-02
6.853841431112783766e-03
1.502281014913720014e-02
8.308306353669081545e-03
1.895447802546712524e-02
8.057489025393493876e-03
2.994981286040498958e-02
1.676177918001897638e-02
2.167677576115423221e-02
9.447336491259505920e-03
2.478232225626797458e-02
1.675363054099676674e-02
2.482745362176785875e-02
1.492950984892615907e-02
1.383935947037429059e-02
1.680509389866458037e-02
9.567837661020206497e-03
1.792057350296971663e-02
6.371475338188048454e-03
2.788230898785570844e-02
3.767814040641326301e-02
2.189380328471912662e-02
2.327982889841351266e-02
2.597013212852772313e-02
3.154049171889639069e-02
2.109450358492281907e-02
2.880241826146701101e-02
1.385203161319026322e-02
1.340416612555017650e-02
2.710425238235814049e-02
7.181305930107484414e-02
1.275344580639981018e-02
1.006207049717389168e-02
1.404541712859241898e-02
1.365899580479990050e-02
1.362383336276806745e-02
9.733691186568194098e-03
2.783921668885724898e-02
9.960457774084829907e-03
9.691070423837544467e-03
1.638943711044049678e-02
3.399666420992630833e-02
1.906701846132108358e-02
8.463515619066441786e-03
1.804238777105027225e-02
1.454807636876864763e-02
3.935067919821833016e-02
1.475351166034499784e-02
2.815488855935299739e-02
1.671089408336356996e-02
7.240670672068461045e-03
1.242409323281634670e-02
2.606818579538838776e-02
1.752956638557279234e-02
1.013868187541433485e-02
2.349814379152448396e-02
2.783426299464508702e-02
2.500446469313288844e-02
1.255749943865680507e-02
9.149224396217903177e-03
1.301237721792247726e-02
3.953998362895561058e-02
1.162778606251535507e-02
8.375230695378377277e-03
4.154030124594854101e-02
1.044841544724306459e-02
1.860510941440907118e-02
7.595095830613018961e-03
1.783907260160333408e-02
1.001026560018303257e-02
1.389805294668278179e-02
3.200013513134081222e-02
2.961273956914922678e-02
1.600889948709394162e-02
3.963188705885301033e-02
7.044863443047688634e-02
1.505216483911553382e-02
1.147455463035385037e-02
3.848772946570022668e-02
4.825019553601350708e-02
4.713135077043517640e-03
8.595216787703918726e-03
1.951014384507843147e-02
1.407713555602541078e-02
1.686516038373753190e-02
1.474593211302988038e-02
1.010531052181917744e-02
1.614101830109504476e-02
1.368341414661244926e-02
1.174516204860864832e-02
1.455497924485982253e-02
6.064098981326537796e-03
9.941048476598268735e-02
9.061405480096595966e-03
1.129338111574185177e-02
1.656763192519861150e-02
9.958926315736249535e-03
1.362284044465766897e-02
6.710481410053148466e-03
1.113018233735374451e-02
3.704975081435435413e-02
1.576254252858788618e-02
6.255585770492899655e-03
4.843140344312146794e-02
1.174488060269140988e-02
2.366848226191464732e-02
3.245039580701813975e-02
1.128929019475677364e-02
1.797906479701083526e-02
2.595088291357683374e-02
9.706483277376776186e-03
9.131228092915222305e-03
1.166343263646041351e-02
1.554359135806002712e-01
2.097636642506728322e-02
3.216911621678875122e-02
2.811232207904126312e-01
1.318924672502319595e-02
2.811732496240750834e-01
2.779639364059605100e-02
1.426027587964995291e-02
1.622849548288485266e-02
1.234033292741187893e-02
8.436836866926356038e-02
1.209855512057700366e-02
1.968770112778273074e-02
1.907106385140266980e-02
2.150084946114461104e-02
1.427023199190458058e-02
8.039528288644959275e-03
3.477128671163498552e-02
9.205659870104909714e-03
3.351315324112036365e-02
3.965840422204180982e-02
4.682436623308205981e-02
1.219866916351364239e-02
1.586324757873214253e-02
1.966319434030694424e-02
1.154942282899895645e-02
1.338356247036998070e-02
1.227000137133416047e-02
4.279221030131452608e-03
1.447544319301741211e-02
1.090018691290950414e-02
1.476299027851268875e-02
1.170270349888724581e-02
1.112233497720183095e-02
9.502856543495141750e-03
1.207010914106021460e-02
2.598858788917368656e-02
2.931355387591239037e-02
1.461632709751370385e-02
1.818230391405606383e-02
2.716324783786205899e-02
1.767074967104420580e-02
1.501334871617032718e-02
2.483869765492840997e-02
8.214019948578510366e-03
6.197497830978448974e-03
1.593258522979112968e-02
1.654287495047768175e-02
1.466113363379051293e-02
2.274893144170775372e-02
1.444937787453426381e-02
2.370192354574029991e-02
2.429816130599604662e-02
1.073872590832891660e-02
2.297660588823191574e-02
1.120776438358461746e-02
2.542753679727383087e-02
1.617584085321155385e-02
1.089074708933068791e-02
1.458729781901979550e-02
2.613186011092949457e-02
4.246616302796724085e-02
5.383711735164453671e-02
1.152054781139355555e-02
1.822689590791881642e-02
1.385249218817463657e-02
1.422276425861213056e-02
5.000474991609493713e-02
1.380928378269530299e-02
3.022186081248179335e-02
1.457562116980781752e-02
7.358410085810618284e-03
1.538888674761906827e-02
1.150619780962358618e-02
1.040552950249207242e-02
1.548386053353922875e-02
1.324144352856748696e-02
8.531524632761744442e-03
2.938543507650237530e-02
1.292209672356747774e-02
1.057821401657577098e-02
2.008353778077065499e-02
2.216597923219154609e-02
1.194538426038960210e-02
1.108799429764673050e-02
6.569129115877814229e-03
1.945782601798029532e-02
3.133047909082264937e-02
1.690453824170745634e-02
4.815756950095817501e-02
3.060805561045043532e-02
2.308789467779703841e-02
2.611426688388363004e-02
2.059146023495728173e-02
3.376459441063417444e-02
3.102965043856542593e-02
1.885512572027536748e-02
2.247802044939106736e-02
1.722818234492606848e-02
1.605196336714342920e-02
9.107133202565620422e-03
2.540408207286404263e-02
2.445178725615093640e-02
1.685209151349553736e-02
1.166130252400066070e-02
2.676557896579367934e-02
1.612358558618964821e-02
2.107220079257743350e-02
1.631522361323689552e-02
1.629687094198217778e-02
4.690667005661453004e-03
1.972909011179879712e-02
3.254310849688124563e-02
1.404988525544936806e-02
1.255135718203703732e-02
2.695059668568688949e-02
1.384266095876895974e-02
1.061730416688178025e-02
1.028371337524802698e-02
1.615362956888333201e-02
7.740114828983735151e-03
3.638521187622600905e-02
6.344120052617086003e-03
1.603909946907222661e-02
1.278354848748719519e-02
6.163697436095461057e-02
1.080030229539019615e-02
8.119082095117136078e-03
1.889437837951035704e-02
5.571728729499980659e-02
1.619004162095905031e-02
1.703231719949371836e-02
9.516525155552812976e-02
1.922443533610973532e-02
9.792097427645529706e-03
9.192348773002123608e-03
3.465401608284324197e-02
2.632266960761597829e-02
1.185358170253181243e-02
2.582938950099489261e-02
1.091257623458474768e-02
9.465333749766102756e-03
9.560478928388960185e-03
7.138390557696183691e-02
7.245042450737315676e-03
6.503061214001348844e-03
7.433118136862759684e-03
1.864924447461291379e-02
3.698771256253863271e-02
1.682434036945679168e-02
3.328464901571592804e-02
7.246031763770588441e-03
3.110068301024782045e-02
3.773212278329296510e-02
5.628296626262851987e-03
2.161662999225200110e-02
2.823898399551083571e-02
1.212999952986137941e-02
2.147715027293628509e-02
2.540058380209941902e-02
2.940210195638925939e-02
1.688769106698728706e-02
8.886394053444490737e-03
3.959062875232888246e-02
1.127294705986514600e-02
2.593006705158629188e-02
3.440459722259348041e-02
6.332906285528849821e-03
2.710947896340343277e-02
1.815603407375832035e-02
1.835937044980795463e-02
1.403769386083908444e-02
1.433582687575452042e-02
9.548654036386494681e-03
2.106976308120778185e-02
2.880847253704033051e-02
2.267695819719151018e-02
3.271450059032687818e-02
6.326730640200395328e-03
1.010409476540274909e-02
3.865166711131706734e-02
3.178738775938327876e-02
7.583233419552470878e-03
2.720051687336777491e-02
1.260598463314721585e-02
2.748020717755039755e-02
2.439051281226412016e-02
7.909774777711930938e-03
8.007908009854958209e-03
1.305228349914244745e-02
1.675285027128481374e-02
9.401753029713688647e-03
7.875100943238066975e-03
2.986542591653673639e-02
5.799233668768621897e-02
7.799261380373678776e-03
1.041980907298878378e-02
3.674152724315504770e-02
1.520903377045002003e-02
2.556939766091304023e-02
7.686037523225053292e-03
6.230957079697674317e-03
2.426783104329643947e-02
1.912437065762162547e-02
1.393614286022426541e-02
1.789816636655316984e-02
1.417486327066441731e-02
7.998962027155442911e-03
1.003433754440052894e-02
3.321373772704561134e-02
1.965053466119925929e-02
1.232262808517248232e-02
8.998985695846783983e-03
2.063790830241529761e-02
1.406686614954466563e-02
1.911959501291704555e-02
1.036137802205416847e-02
1.073552017370360545e-02
6.708223952642811128e-03
1.586292767690267169e-02
1.371619384227074079e-02
2.229596480288975613e-02
1.012249436025314253e-02
1.650668679867095534e-02
7.410002698623685546e-03
1.451378645802847700e-02
1.905369958850400280e-02
1.231011074867183197e-02
1.298098977338568716e-02
4.224235511003016086e-02
8.712349694295795643e-03
9.747223625282686044e-03
7.997087493123444801e-03
2.836005857431445065e-02
1.464436531334456504e-02
1.531316316285469270e-02
3.050374492541862992e-02
2.793619207985997832e-02
9.437792789164234364e-03
2.087700702323047608e-02
7.395979106444627860e-03
1.186020725278424948e-02
1.646453875554954038e-02
2.016747614541003486e-02
1.052038760952100915e-02
3.008002539091378935e-01
1.223696299052789982e-02
1.157268596815441697e-02
9.405021832055382447e-03
1.824674739335563345e-02
1.279783408525148047e-02
8.706814810320651077e-03
3.358013556696803903e-02
6.124445188849136912e-03
9.865522406439453107e-03
1.630836309529470896e-02
6.806795450579272710e-03
4.633829660249944027e-03
2.296752579816185857e-02
1.048463052954673458e-02
1.530678368362714536e-02
2.441720512711498259e-02
1.509369349130906812e-02
1.375864861420339480e-02
3.851834622226135707e-02
8.326763193803543572e-03
7.170941434456068464e-03
1.234802207422802667e-02
1.359413678441256934e-02
1.499836507134588715e-02
1.992578728494009965e-02
1.421227812700109894e-02
2.732769175085536517e-02
4.166610965038586301e-02
1.955290482742100266e-02
6.700808403152791470e-03
8.582126582081528454e-02
2.686149515563229784e-02
4.573191763195794124e-02
2.173895163616634818e-02
1.176483025312435871e-02
1.526656197790998704e-02
5.139274715383024272e-02
9.665831438280036991e-03
1.135591485404319201e-02
2.767791262649410555e-02
3.421969277396996745e-02
1.424202720072287320e-02
9.822753034843145770e-03
3.767916879910515604e-02
6.750077620259631317e-02
1.589114742546726688e-02
2.845283815942067918e-02
