2.475552569713102002e-03
1.956648046011366660e-03
2.163635333211288980e-03
2.533420188122192940e-03
1.061601222068020434e-02
4.684701344714881088e-04
4.120897835203862769e-03
4.815309998207339959e-04
3.562109747562658413e-03
1.216998747447561868e-02
7.448499432435085055e-03
1.631402761319122874e-03
1.670762259649904991e-03
2.174836311514383169e-03
8.235716807973858522e-04
2.481738904165808890e-03
4.893240827076539290e-03
1.015005837029292479e-03
2.751324445384284445e-03
3.740395293974074775e-04
2.722245111030474618e-03
3.409783570063495972e-03
7.335577656100156219e-04
6.152141603095628852e-03
6.107136682125258176e-04
1.544599227122134266e-02
3.779052980164010478e-03
3.997942602556037173e-03
7.799118260365389688e-04
2.397200692271894695e-03
2.338304306721994408e-03
6.702979647883466896e-04
7.806647915110431768e-03
1.533197645311901169e-03
1.180241082039401590e-03
8.544382215948331805e-03
1.086340408946284697e-03
6.700184608412484977e-04
1.140216996699194851e-03
1.969782134430886344e-03
2.676847203769483485e-03
2.160844295570285567e-03
4.022113236114677193e-03
1.356326833604981630e-03
2.001589361263711453e-03
4.390792604560544987e-04
8.658943754628722900e-03
3.158448536339619750e-03
4.399288904359366370e-03
1.652684132825044117e-03
1.138757105040255624e-02
3.491327516002229459e-03
8.507238936523719985e-04
3.608766596080670297e-03
2.472486515166849586e-03
2.028526656907558845e-03
7.555899035232016558e-04
1.007290344109179614e-03
2.885861120191179907e-03
1.225264906867451487e-02
7.203581736803243984e-04
7.452064648241218947e-04
2.461458803924898575e-03
7.492005379283739330e-04
1.145437635225832196e-02
1.031356684610074126e-03
2.723207360869395188e-03
2.252651448980458326e-03
6.714415817086205607e-04
9.152674999910459519e-04
6.881701990682387304e-03
2.046726155583655782e-03
9.139126614456927200e-04
1.122970990972760319e-02
1.211492034091321557e-02
5.712231844690052185e-04
7.235689375264087175e-03
1.499191625562446006e-03
1.978864064103191822e-03
1.941742124149214987e-03
6.429439575398987472e-03
6.134595048731483757e-03
2.024318479136866245e-03
8.002277500196441906e-04
1.100706835458709065e-03
1.013436549405355436e-02
8.338452306873023190e-04
3.321477906592207319e-03
2.099419142957970053e-03
2.280071125536409227e-03
2.773379399574338322e-03
2.207276388961787461e-03
4.551651453311933437e-03
2.688049979951756541e-03
7.830497786354584377e-03
2.886493430192871301e-03
4.542096589794653028e-04
2.326975601427250240e-03
2.403011627247764181e-03
4.399744673477812285e-04
2.254033315548298333e-03
1.928411713844724318e-03
1.325165451099508118e-02
3.322194061688321653e-03
6.256183949432170266e-03
1.677741133583765532e-03
2.722758649213119497e-03
7.870936783618276422e-04
1.909124299231734767e-03
4.034685516195679611e-03
1.059617116968780692e-03
1.702682989062509478e-03
2.370964300304478911e-03
8.912141909434012632e-04
8.237985364871747151e-04
1.171508798961440334e-03
6.896820105772860643e-04
2.943641010148212445e-03
1.053130627326481772e-03
3.082157195851920051e-03
8.958557704726644033e-03
1.172356776397265321e-03
3.280998056045092426e-03
3.542044016391798777e-03
4.552871765426402817e-04
7.555001870695576827e-03
1.502238409592848711e-03
9.400579132595510146e-03
7.992015214846048821e-04
1.508823994161190285e-03
6.428965337299530347e-04
2.396176222031698444e-03
1.337467768191658024e-03
2.523328744267416823e-03
3.655027299227953108e-03
6.656021440502257747e-03
3.143298287781703948e-03
1.925663026092649943e-03
1.918526520434227223e-03
5.490392810685307268e-04
1.442105213513400486e-03
1.830591898304589904e-03
4.623020768981689343e-03
5.378416305532596198e-04
7.277171969768403414e-04
8.864692169368026953e-03
3.107052867505899485e-03
3.123697639988876062e-03
6.836784224120151521e-04
2.086481027625097795e-03
6.506546237499577501e-03
3.007345048931853171e-03
4.619314544406449841e-03
4.887425794350974684e-04
1.940821499168521314e-03
1.674023561434978546e-03
1.667894704368677594e-03
3.516873424764810352e-03
1.431785396771800833e-03
1.514367500536906164e-03
1.233103240895871977e-03
4.479101381431149775e-03
4.645294469195704323e-03
7.887512937898577547e-03
5.456879051457974583e-03
1.119751531966528546e-03
3.376337298234943773e-03
8.897052835195040643e-04
1.640206806069244294e-03
1.638803904199903627e-03
3.390664715450242284e-03
5.346760824380680788e-04
1.721002720412201370e-03
7.235247145374046340e-04
2.422723519444502926e-03
6.692352116495214887e-04
6.300377924230105009e-03
2.395361878676283141e-03
3.199364886519617812e-03
7.857677146994035411e-04
4.188449448388809060e-03
1.887893442980015379e-03
4.335933886526532888e-03
1.624152839131198789e-03
1.857068952052287614e-03
1.850169455646977212e-03
7.979650110740976743e-04
2.270125231035535762e-03
5.025498569430908447e-04
3.815413066639905537e-03
7.050386385536455691e-03
3.517147736531001101e-03
3.157399424409845778e-03
3.531749389622973467e-03
5.406902797652435311e-03
2.934761271639274582e-03
4.324972453531472638e-03
1.415605336294589733e-03
1.402429480737765743e-03
4.253547650378664002e-03
1.566483767133064475e-02
1.297345840914232440e-03
1.064915570434976644e-03
1.443431814458051576e-03
1.766034996535381651e-03
1.764888535394248947e-03
1.003363013811764404e-03
4.287601592459111544e-03
1.156141910492181069e-03
1.174034678538049548e-03
2.154593569418494781e-03
6.650411889108198693e-03
3.008475330428694861e-03
9.118556125713439542e-04
2.087465609605487771e-03
1.581797190851830237e-03
7.487679505778999101e-03
1.588095081118012786e-03
5.215510727371253097e-03
2.100196195481629502e-03
6.133573708169137717e-04
1.472387174683120747e-03
4.666144119049420169e-03
2.952196641480497874e-03
1.400331615634797799e-03
3.795366463926086453e-03
5.481167040354506526e-03
4.614838310132540755e-03
1.358639913895842710e-03
8.262168954793480680e-04
1.532448011779763419e-03
7.538043640966662906e-03
1.568752105928439278e-03
6.361779625301267060e-04
1.031111250658511835e-02
9.997013805822518862e-04
2.350986682206013256e-03
6.420520326386736087e-04
2.555453777628002854e-03
8.864210068324496206e-04
1.479753030004360426e-03
6.258474618771714404e-03
4.838663464894921162e-03
1.690405118516480343e-03
5.812429582714884191e-03
1.630883233550051159e-02
1.728146702888011532e-03
1.104802639602553427e-03
6.643425018896920164e-03
1.220112189618305365e-02
2.425493560380687086e-04
9.529098003042690834e-04
2.951003023355269761e-03
1.455594091620326935e-03
1.951930928683509592e-03
1.747354864580330513e-03
7.211511477862586617e-04
1.829787097559432141e-03
1.298026472841939949e-03
9.291538565250334614e-04
1.685984155088249281e-03
3.649446893696506322e-04
3.199513433198930557e-02
8.016477982266678737e-04
1.136884364559165306e-03
1.886204219076148547e-03
1.069357261012982008e-03
1.461205407206733753e-03
4.802908650489712272e-04
9.785745715156224378e-04
7.410091267608720500e-03
1.709668305650779985e-03
4.561516336636373126e-04
1.226192435270689884e-02
1.061147348725199890e-03
3.382763881397465866e-03
5.973250771035054640e-03
1.174098891006281065e-03
2.117061395011887726e-03
3.765548567027821036e-03
8.717470439414398697e-04
8.889453725409168783e-04
1.198379883494027354e-03
7.098601054195796678e-02
2.648710309053114997e-03
6.045497840506897091e-03
1.576180021385376051e-01
1.648990674738115558e-03
1.576623357734412423e-01
4.805936391822029918e-03
1.558775801697720453e-03
1.961582853272858529e-03
1.373725398178038404e-03
2.315483463191370106e-02
1.176423713008745153e-03
3.186008860268429999e-03
2.330134580375897713e-03
3.318658181697742293e-03
1.809733985780326293e-03
6.489716961510794135e-04
7.982195127574698290e-03
9.331932010212540263e-04
6.790463279902070326e-03
8.776653211246099318e-03
1.208456419367109902e-02
1.342302327444144794e-03
1.884732229669339176e-03
2.507102942171712812e-03
1.304701449363676602e-03
1.524697176378708718e-03
1.243049351394631685e-03
2.265440558666398374e-04
1.578708970331632599e-03
9.332898226261931995e-04
1.703983869916214644e-03
1.289548149166819258e-03
1.198989824302998386e-03
1.113713933929005862e-03
1.288040553838243341e-03
4.634212761910561085e-03
5.233645544308274111e-03
1.791217136393186138e-03
2.276195923418100620e-03
5.101655576869035258e-03
1.908273433791407570e-03
1.742063364265078462e-03
4.018192540268472612e-03
7.517910136058958415e-04
4.006703862096117064e-04
1.991793643835393368e-03
1.923348183979101123e-03
1.606575422815836873e-03
3.088428641873974811e-03
1.553346557997770105e-03
3.827536492767791287e-03
3.648712622929650706e-03
9.937381274376377860e-04
3.134517174522954974e-03
7.802930726015233631e-04
3.958824494425527973e-03
2.093891297072048019e-03
1.066836868737652821e-03
1.381533285290004187e-03
3.656248829781105769e-03
9.074492762614738695e-03
1.193558280584028353e-02
1.120344745487500404e-03
2.342498645624857545e-03
1.842503247821980494e-03
1.531768539148714581e-03
1.427254458738502763e-02
1.450340691341978072e-03
4.371073960655280644e-03
1.677597818765974580e-03
5.866314234381775350e-04
2.276063512766768326e-03
1.115994283544807786e-03
1.275436057429857328e-03
1.844907354850988668e-03
1.374733285267382144e-03
7.899700272062659678e-04
4.969307711284898232e-03
1.332612703905056151e-03
1.156766871197589808e-03
2.659242586172894107e-03
3.132498061475530449e-03
1.356628998191666824e-03
9.730437154615856343e-04
6.000836178614576966e-04
2.553230315125887273e-03
5.394282148980522607e-03
2.284174369073355138e-03
1.102779330417646975e-02
5.347778787868406880e-03
3.409941278203376669e-03
4.360410036778006315e-03
2.486866374457719076e-03
6.051959391925265663e-03
5.424731413558703252e-03
2.357483014563399593e-03
2.645492417560291187e-03
1.891059435504161002e-03
2.073283608364562269e-03
7.938073086144470381e-04
3.979511896094578560e-03
3.435048017870201420e-03
2.653821750012497205e-03
1.136048915732601472e-03
4.371495143125514460e-03
2.022482538713177291e-03
2.704118675275424266e-03
1.950869904142393807e-03
2.042659767603538512e-03
3.746114298230907025e-04
2.563019297728175161e-03
6.425085344901049211e-03
1.467531890455120447e-03
1.294805641521179496e-03
5.013186354847931625e-03
1.507026998574190202e-03
1.272292035324085191e-03
9.968741142500903152e-04
1.931547293803959064e-03
5.621940951598958236e-04
7.502558754421073672e-03
4.410608410410077340e-04
1.877193499630891438e-03
1.511221322637368303e-03
1.598381897850842392e-02
1.302984628168246672e-03
7.058079924675553229e-04
2.909808723330797875e-03
1.166987107107786414e-02
2.176095388087162519e-03
2.349552150903377878e-03
3.531065334949445855e-02
2.485396399620753982e-03
1.185984451147703567e-03
8.544214832824081896e-04
5.952525448655876517e-03
3.769080264273583225e-03
1.328017044684770553e-03
4.724367266838669366e-03
1.114450445392378697e-03
9.530442888099344145e-04
1.130638138345574362e-03
1.953685198885679597e-02
6.273383714834324110e-04
5.096842270368995287e-04
6.078768720776395185e-04
2.023224210741858542e-03
6.561528107404512866e-03
2.073836187669542142e-03
6.310912848469740766e-03
6.380238807395244294e-04
4.810362636764153876e-03
7.586392834078026226e-03
3.498685487102193292e-04
3.406460273566835895e-03
5.151008323139194545e-03
1.165440149303975659e-03
3.025907477471889706e-03
3.534857216873632524e-03
4.023672061467920003e-03
2.014767473578871204e-03
8.588445366513042245e-04
7.227346363755771108e-03
1.091477475277713438e-03
4.066167512320362221e-03
6.355884327099659004e-03
4.047046563471212721e-04
4.925488803699806795e-03
2.196359622924859423e-03
2.257210334580150857e-03
1.412671981839253021e-03
1.688146324394068643e-03
8.942350592775483165e-04
2.824198228765339991e-03
4.955551870072127940e-03
3.589511385989396786e-03
6.012627808139825447e-03
5.216977624407093117e-04
1.149983506159912849e-03
5.967125551613605694e-03
5.757630055040152683e-03
6.310880538258345496e-04
4.331481052968655376e-03
1.366606649476409530e-03
3.768542805193675349e-03
3.757956989623778554e-03
6.923632419528757964e-04
7.071869792554252854e-04
1.358738161187034166e-03
1.886882725205651923e-03
8.960621403950597141e-04
6.500317560842461262e-04
5.317030716433635007e-03
1.199721793703290018e-02
6.681526657175140826e-04
1.137405314810990831e-03
5.485814214530648769e-03
1.690217837015950408e-03
4.111244660375490412e-03
6.785343810236099671e-04
4.732503436457591306e-04
3.737523000062026313e-03
2.517621754698495806e-03
1.459002492147476460e-03
2.290772591752698872e-03
1.616860318254254025e-03
7.527022291604623661e-04
1.055142759391003437e-03
5.919522594883375177e-03
2.476376235676980286e-03
1.301932090004953579e-03
8.252627908689191827e-04
3.393420575985572896e-03
1.579654917410522330e-03
2.951955374744130722e-03
1.182926538319861720e-03
1.120608607937612078e-03
4.903127137332319307e-04
1.860669924319324764e-03
1.718721553100266419e-03
3.988697950568109718e-03
1.186096019527127510e-03
1.907367863609010783e-03
6.221691701782106065e-04
1.863568456638375892e-03
2.860740440340237001e-03
1.081231566555374002e-03
1.416375579765372095e-03
8.847469901372306822e-03
8.039715693541893415e-04
1.082368740959793740e-03
7.828792214610302835e-04
5.198502647409952715e-03
1.711476804960199161e-03
1.894321956328326451e-03
4.882583353488456623e-03
4.829774949385523541e-03
8.383415816730632741e-04
2.653461676562329785e-03
5.716512769957660112e-04
1.322923019543509326e-03
2.199396425659472243e-03
2.623036082923135837e-03
9.462777393878241128e-04
2.192441301481657945e-01
1.304543967695082074e-03
1.179138392096490406e-03
8.860125233773885611e-04
2.572190130855744883e-03
1.234633072140667309e-03
7.410435629715550476e-04
6.255053470276550343e-03
4.072472399556659184e-04
8.617306434643978719e-04
2.178914635539541678e-03
4.147955156597049609e-04
3.467767571905255863e-04
3.207904327329202943e-03
1.142176808453854164e-03
1.766829637034561529e-03
3.474789806919176272e-03
2.182012125306442840e-03
1.552146696251810454e-03
6.792078203339713127e-03
7.159589493959117590e-04
5.913629890379468179e-04
1.293077162916489442e-03
1.521319265822995703e-03
1.558927741182714044e-03
2.730896261191162466e-03
1.818156960361250185e-03
4.489766744168122159e-03
8.877092435241706880e-03
3.151421257083342198e-03
4.122164652464732626e-04
2.843486907380921025e-02
3.561555068696264925e-03
8.674382210386966108e-03
3.500628611636358301e-03
1.241448732628214202e-03
1.598297992639885479e-03
1.231804097939814824e-02
8.979071614056977069e-04
1.241136123791619639e-03
5.078277959984944800e-03
6.275553459321514538e-03
1.436425584326883609e-03
7.560569392310867443e-04
6.916732998604402383e-03
1.954981673883793292e-02
1.935004961197250850e-03
4.713371024429591216e-03
