1.521935908336118359e-01
1.486688692389925848e-01
1.760840795155189653e-01
1.767722501710942140e-01
2.666608667474044125e-01
1.000433413116930126e-01
2.024671613252806424e-01
9.390665642126805324e-02
1.596660442672188651e-01
2.883439958503295486e-01
2.175647698314584488e-01
1.697519810778835847e-01
1.320313722869776996e-01
1.382452847367474646e-01
1.190531165048618334e-01
1.829552089126238457e-01
2.106698283641250669e-01
1.326612536372842044e-01
1.978201864391699871e-01
9.792727131186040879e-02
1.593842842373049962e-01
2.014024895479558097e-01
1.155963136297799565e-01
2.188197539583391915e-01
1.065284232138559162e-01
2.754814152360367530e-01
1.453272029772740837e-01
1.765815373715398096e-01
1.098279789124347872e-01
1.778086468842090540e-01
1.525994296738844014e-01
1.119492328267241987e-01
2.336194517968763762e-01
1.500364434251082457e-01
1.206729007119022867e-01
1.936462160796281751e-01
1.386681485000025305e-01
1.102953715740326857e-01
1.345087367919930443e-01
1.323418154413644743e-01
1.689981579585655425e-01
1.494696122789314074e-01
1.666579020162295421e-01
1.362300643732581307e-01
1.587148019175437241e-01
9.092177985590410572e-02
1.611454557193070514e-01
1.581536351073502544e-01
1.750629037058892834e-01
1.533357867617297643e-01
2.883093789444224342e-01
1.947984887575735513e-01
1.399627657886064469e-01
1.796477409224053190e-01
1.479808535485602761e-01
1.463610263822836544e-01
1.032262145731550618e-01
1.396075921749400095e-01
1.920831237067304187e-01
2.773054919766764215e-01
1.184394018249967928e-01
1.210408753133656035e-01
1.491375256939839744e-01
1.083297328528090020e-01
2.200196393336177891e-01
1.201540258398665628e-01
2.071609961580875847e-01
1.492471459343924778e-01
1.114933642939561764e-01
1.250132605793226048e-01
1.954286805349561007e-01
1.731351819003670300e-01
1.196830784621027988e-01
2.511308439393005187e-01
3.288876777771392312e-01
1.004077035951809194e-01
2.235074203603844012e-01
1.694738716789316868e-01
1.776647804091417981e-01
1.582950865625925019e-01
2.334893458099998043e-01
2.056632474023025736e-01
1.225059041612723831e-01
1.396892215722793651e-01
1.211291843803685708e-01
2.387737384351673597e-01
1.077800134719701930e-01
1.727201625567929000e-01
1.633676468677229821e-01
1.646500561418164921e-01
1.615175549251439691e-01
1.329331419769061995e-01
2.272095164480845142e-01
1.526045999894698468e-01
2.470948767115537237e-01
2.000892871549986296e-01
1.066513018671848556e-01
1.464157542338355711e-01
1.692717342819634041e-01
1.040811008249598046e-01
1.394195587855975305e-01
1.385273034236398360e-01
2.978510964962737262e-01
1.655965188731762794e-01
2.046395259957805024e-01
1.564929408110877773e-01
1.483539725943714416e-01
1.025363226023792151e-01
1.387088466810091347e-01
2.112747320878654023e-01
1.312899514283962787e-01
1.443621197278339707e-01
1.536782743994109524e-01
1.220087761338923826e-01
9.571831104561212555e-02
1.297535741565525313e-01
9.996936737994133182e-02
1.902472822503256111e-01
1.368711260821662279e-01
1.545616245816390233e-01
2.818894378968010983e-01
1.449587209913936192e-01
1.745489749372559629e-01
1.672692460636895362e-01
8.400501054293485481e-02
2.161258028832087064e-01
1.373923070961069470e-01
2.464092949617260331e-01
1.026442573256431956e-01
1.394807707754566195e-01
1.139769648029833604e-01
1.758921657388832216e-01
1.362991394771064790e-01
1.427625388757007840e-01
2.389473413315705841e-01
2.118045554487544280e-01
1.559032210621609238e-01
1.342607634951491491e-01
1.280492450030088492e-01
1.007457171560766085e-01
1.477728529623547615e-01
1.354804261302895441e-01
2.420492055912468743e-01
9.699566613159404938e-02
1.247154597525579334e-01
3.736237034990743666e-01
1.804054231342178127e-01
1.720295111312211134e-01
9.909370392430005836e-02
1.454200545457808857e-01
2.108864662717344629e-01
1.860460203433227377e-01
2.135979526218392266e-01
1.065722121064709427e-01
1.704343271782065017e-01
1.610310579880973592e-01
1.768815710938369534e-01
1.973043947442683077e-01
1.413946496343214676e-01
1.554944929689234812e-01
1.364568914426271817e-01
1.500983899811778599e-01
2.082464098738441294e-01
2.181265881531579964e-01
2.113810436686271998e-01
1.413130878166626303e-01
1.622833160812753306e-01
1.516714984405780342e-01
1.551644895630985843e-01
1.436395404873458403e-01
1.967334532753035603e-01
1.022449574424193486e-01
1.465954286712616295e-01
1.136412827274604354e-01
1.704999730828475890e-01
1.118407304085913267e-01
1.918846764483177481e-01
1.513373442075902631e-01
1.732144853418802199e-01
1.259734332622066688e-01
1.762450678754596822e-01
1.671519803973069429e-01
1.683512150185393352e-01
1.638954864553952007e-01
1.275059970397087739e-01
1.725111151638003548e-01
1.269140972655584676e-01
1.659024341789638868e-01
9.664570599380795102e-02
2.216054279237802405e-01
2.245293037848306028e-01
1.785271393494909375e-01
1.945755927810211006e-01
2.200697157041062724e-01
2.129313926345091090e-01
1.807558549433601058e-01
2.223433699003649622e-01
1.577440350615511022e-01
1.487238602560694289e-01
2.030802926255219631e-01
3.488214891699996656e-01
1.467430383359591417e-01
1.153380990388868099e-01
1.562687038027732456e-01
1.304925503270588649e-01
1.334751212272493603e-01
1.205644370029759216e-01
2.120252572928187362e-01
1.077068182555898090e-01
1.079825218914507445e-01
1.490710996650612685e-01
2.103129077613132836e-01
1.611133285395034420e-01
1.039676454071276623e-01
1.772403763501202434e-01
1.568513375364055662e-01
2.441065446197150379e-01
1.552683347376273559e-01
1.883832845947743806e-01
1.543220488942864677e-01
1.061328791734830190e-01
1.298098086951178232e-01
1.907689264171388288e-01
1.483202684249889103e-01
1.009329368284568318e-01
1.670289716863102569e-01
1.910407546881955909e-01
1.818498536173223101e-01
1.414130570025520228e-01
1.182644891204560622e-01
1.383306437839166847e-01
2.372579321526728791e-01
1.162704797090476916e-01
1.260525351445132003e-01
2.022295474339230736e-01
1.331363727689520715e-01
1.700896398820717081e-01
1.107598922480867998e-01
1.596676494510695932e-01
1.263347862903536623e-01
1.619190810704118633e-01
1.912638539818871664e-01
2.088539854877282664e-01
1.741157592011646216e-01
2.918705341866818515e-01
3.353084366248495485e-01
1.534106622534103792e-01
1.364731627359816457e-01
2.554110835356269149e-01
2.278121719565824321e-01
9.929729510472995457e-02
1.020677379907830584e-01
1.631589311545091903e-01
1.537430461951601046e-01
1.667010326616846783e-01
1.435669375521300140e-01
1.502814202167250812e-01
1.651329675007993103e-01
1.548539105809894068e-01
1.584724292959727165e-01
1.511254684722231900e-01
1.094048908368101536e-01
3.497882194254451349e-01
1.178388022600067586e-01
1.302013970464770409e-01
1.698981942018633617e-01
1.180006547909862036e-01
1.465681866799997124e-01
1.055501697185690091e-01
1.385971047021108404e-01
2.226878578082036597e-01
1.713262952340706136e-01
9.855015340906092547e-02
2.269043333248461636e-01
1.485363398505157306e-01
1.881291678796692679e-01
2.052100970721575379e-01
1.292035538985416565e-01
1.798159117277435826e-01
2.079744783611658931e-01
1.231837760839233908e-01
1.137943559872205412e-01
1.365938500601764360e-01
4.395115640374704924e-01
1.903397628907406158e-01
2.157265865108755065e-01
5.791049683374644985e-01
1.289911022200165291e-01
5.791349057604229245e-01
1.910633574950431068e-01
1.577709187433598004e-01
1.581103047805463291e-01
1.289978133020106554e-01
3.218176361370908012e-01
1.439853127097450169e-01
1.482589274422707604e-01
1.733255520407617212e-01
1.673945881290173077e-01
1.414245117615173797e-01
1.156567152090843820e-01
2.002439955816335271e-01
1.178249263518118539e-01
2.074633031631663016e-01
2.263206197589084923e-01
2.421529975217886488e-01
1.325230301188540238e-01
1.599197755382952835e-01
1.827955763268143130e-01
1.216539537987877395e-01
1.406128275753033563e-01
1.496340876836086409e-01
8.947880113109007993e-02
1.551636398779123738e-01
1.426306936624328614e-01
1.545359378425672503e-01
1.351352721933096745e-01
1.310101437343575981e-01
1.108432552579365904e-01
1.334021985918418807e-01
1.763299628212600112e-01
1.981379512574861224e-01
1.432692340625401073e-01
1.651446336881718935e-01
1.750731080251668459e-01
1.851839412381757199e-01
1.530131904237741480e-01
1.875267447451101077e-01
1.129019184469655102e-01
1.097333636907933396e-01
1.534442934420248150e-01
1.647488348243264511e-01
1.537012791934699862e-01
1.905972914518336836e-01
1.525570506365632184e-01
1.742197158644245292e-01
1.882847600495978213e-01
1.346756892283664797e-01
1.904389703311473170e-01
1.662955921769153633e-01
1.791234897171491980e-01
1.481483576722588680e-01
1.311104972406198499e-01
1.714457061726086806e-01
2.169738733749362325e-01
2.418812266426435542e-01
2.723368059412045739e-01
1.423690555943437630e-01
1.703158304007210688e-01
1.407816876171921194e-01
1.516490899034899087e-01
2.383996665449927832e-01
1.515554842097515120e-01
2.391468428490632903e-01
1.430990670855898372e-01
1.108974296022928741e-01
1.359993046065639533e-01
1.416644002232096966e-01
1.127330279080567266e-01
1.550944312456117302e-01
1.474357158895323039e-01
1.199325017749295341e-01
2.109869523748351128e-01
1.434232293366051181e-01
1.230408724882714466e-01
1.747961103788462367e-01
1.814700224850724908e-01
1.273692178691021581e-01
1.464741814364742822e-01
9.509365153433435580e-02
1.708371459811814930e-01
2.147961128774618089e-01
1.515023030872129084e-01
2.464809997193455615e-01
2.041835786937120645e-01
1.811445825922319841e-01
1.875178723518793333e-01
1.911067145066702722e-01
2.195567315167785694e-01
2.069232423815350330e-01
1.750933659281663779e-01
2.066469703571094385e-01
1.757652254420563054e-01
1.554784942972666784e-01
1.196443354575364992e-01
1.760935970574273313e-01
1.875168866866729900e-01
1.395732180147675194e-01
1.391644330878101243e-01
2.088323585967550855e-01
1.514781599091747921e-01
1.837131039301667101e-01
1.654351226225259097e-01
1.493542612445821760e-01
7.582530188084746214e-02
1.827392414418795852e-01
2.030141821497402077e-01
1.554617840884624513e-01
1.390728977959199142e-01
1.895202872152879081e-01
1.482021907424346807e-01
1.153393188595117635e-01
1.316129915513926107e-01
1.649975984480178681e-01
1.200179789552393572e-01
2.163352608903217345e-01
1.074366379022073659e-01
1.611304846136967228e-01
1.367759860820889628e-01
2.790366558254753215e-01
1.164758701096921811e-01
1.134492032183551657e-01
1.544349681394585616e-01
2.956483456862315506e-01
1.556462063867272150e-01
1.552014887231294438e-01
3.248482365166118768e-01
1.673175330748151168e-01
1.107022415295126905e-01
1.194100554992552077e-01
2.382591943203564711e-01
2.069531839426979047e-01
1.323999577060419597e-01
1.850376151784765000e-01
1.241251685488009571e-01
1.167800964604133185e-01
1.105248452405511728e-01
3.042081136378911310e-01
1.003109325468862778e-01
1.023481536509436296e-01
1.110092663507664668e-01
1.861247659736839921e-01
2.351291308008782721e-01
1.614152143004581319e-01
2.096911069882843037e-01
1.025501631336069863e-01
2.220690552826596331e-01
2.275947404216118741e-01
1.071845264508937134e-01
1.727934237104093995e-01
1.890618241371484487e-01
1.448304051650559643e-01
1.761641919640410947e-01
2.021338560312244681e-01
2.318199426647176153e-01
1.674336634455642070e-01
1.151651490748335505e-01
2.457676754353883553e-01
1.322061428527128157e-01
2.030967746361405091e-01
2.146461454104624522e-01
1.113002731979300108e-01
1.967669412155821362e-01
1.703305335896665440e-01
1.723008937552279463e-01
1.538259885896522405e-01
1.524895987180485690e-01
1.200584039373531198e-01
1.764835702105393977e-01
1.978399776284973655e-01
1.773536038141294569e-01
2.198876606658473065e-01
9.559102145524533967e-02
1.150311810184803107e-01
2.703449420575374518e-01
2.009484646024262133e-01
1.066934715170368975e-01
1.995170654234605934e-01
1.445013812164965827e-01
2.193602899930340300e-01
1.886595537630562092e-01
1.103957370269945670e-01
1.155830985171668601e-01
1.435906569987359660e-01
1.746121711885741945e-01
1.214793900130395343e-01
1.150615855741605742e-01
2.057981493714819976e-01
3.188904027230954341e-01
1.134176992165478737e-01
1.268300512973183913e-01
2.719568050628424771e-01
1.590185529444845258e-01
1.884243809059142905e-01
1.121982560453425037e-01
1.021249344485717359e-01
1.876540604657854772e-01
1.720620252315008258e-01
1.546394373029684743e-01
1.590116678509332360e-01
1.506497706551499505e-01
1.111876101528359584e-01
1.247334673561617535e-01
2.218351237172058177e-01
1.862879800454386725e-01
1.433694029695651295e-01
1.205479324008180697e-01
1.558184334127297177e-01
1.463049300049483747e-01
1.605794741591139996e-01
1.239604673298799753e-01
1.207826399101641357e-01
1.064473038781201808e-01
1.644466430008613145e-01
1.435741238058980684e-01
1.615766197807850801e-01
1.200004516980222036e-01
1.662550204839909895e-01
1.041115207858958058e-01
1.512412728532410711e-01
1.570013563220413744e-01
1.561904563710747595e-01
1.401682029116244621e-01
2.432240444940028112e-01
1.135825627336011223e-01
1.075880586784485615e-01
1.092202928840855236e-01
1.999105691684306407e-01
1.471633602224784454e-01
1.476161148108552368e-01
2.162575390297298839e-01
1.932694417083204996e-01
1.246763056275383974e-01
1.995960143529273978e-01
1.128558021885872620e-01
1.381978036186346515e-01
1.471010436882771444e-01
1.720471391436930730e-01
1.342329304452078986e-01
5.091577906100148709e-01
1.355334887386767662e-01
1.336664942680947377e-01
1.223959123422559969e-01
1.539650247009092254e-01
1.482406943019967116e-01
1.190194979576340018e-01
2.060969136129777723e-01
1.058534373920387850e-01
1.310913663873627399e-01
1.524590691658289643e-01
1.139285289971638804e-01
7.913977551411122136e-02
1.873358155778603873e-01
1.190731086381262571e-01
1.529664760732885043e-01
2.026867765532820442e-01
1.349991902312162040e-01
1.481754692518642003e-01
2.545733007354797905e-01
1.144443001309838337e-01
1.039704237661815966e-01
1.444731017058629163e-01
1.519890735348674582e-01
1.640816189706733041e-01
1.698266273239141810e-01
1.479605722791781375e-01
1.984800582440158223e-01
2.313920830113502802e-01
1.621550637369786330e-01
1.163077510445873486e-01
3.248880879635898111e-01
2.186770664157862143e-01
2.738325339536267222e-01
1.772244570117251783e-01
1.385155946992711051e-01
1.699379187108860378e-01
2.583084412329590407e-01
1.217697693400410230e-01
1.317169245045803905e-01
1.902373387571003605e-01
2.241018624402748571e-01
1.535066738985975121e-01
1.353978754228677417e-01
2.390108941107271789e-01
2.748161592367956985e-01
1.491400821471806637e-01
2.058713926028730157e-01
